1 0 0 0 0 0 0 0 0 0 0 0 0
2 0.99999 0.0004342 0.0046193 -0.0004396 1 0.0011723 -0.0046187 -0.0011743 0.99999 -0.0002187 0.0002842 0.068922
3 0.99995 0.0001661 0.0095913 -0.000179 1 0.001341 -0.0095911 -0.0013426 0.99995 -0.0007071 0.0007146 0.13706
4 0.99986 -0.0005068 0.016927 0.0004797 1 0.0016041 -0.016928 -0.0015958 0.99986 -0.0012395 0.0010584 0.19882
5 0.99978 0.0006883 0.021155 -0.0006955 1 0.0003323 -0.021155 -0.0003469 0.99978 -0.0006249 0.0017558 0.26638
6 0.99964 0.000988 0.026631 -0.0009876 1 -2.78e-05 -0.026631 1.5e-06 0.99965 0.0001325 0.0022336 0.33087
7 0.99952 0.0027074 0.030948 -0.0027509 1 0.0013624 -0.030944 -0.0014469 0.99952 0.0013011 0.0025253 0.39227
8 0.99935 0.0029098 0.035959 -0.0029879 0.99999 0.0021201 -0.035952 -0.0022262 0.99935 0.0026372 0.0032789 0.45547
9 0.99918 0.0036958 0.040279 -0.0037745 0.99999 0.0018795 -0.040271 -0.00203 0.99919 0.0049129 0.0039777 0.51739
10 0.99899 0.0041764 0.044693 -0.0042219 0.99999 0.0009242 -0.044689 -0.001112 0.999 0.0070514 0.0042289 0.57913
11 0.99878 0.0052813 0.049003 -0.0053067 0.99999 0.0003882 -0.049001 -0.0006478 0.9988 0.0095632 0.0044939 0.6394
12 0.99859 0.0047532 0.052925 -0.0047846 0.99999 0.0004662 -0.052922 -0.0007187 0.9986 0.01262 0.0045632 0.7012
13 0.99841 0.0048858 0.056189 -0.0049242 0.99999 0.0005452 -0.056186 -0.000821 0.99842 0.015403 0.0049506 0.76437
14 0.9982 0.0054423 0.0597 -0.0054715 0.99999 0.000325 -0.059697 -0.0006511 0.99822 0.018682 0.0052791 0.82585
15 0.99801 0.0058905 0.062801 -0.0059392 0.99998 0.0005887 -0.062797 -0.0009605 0.99803 0.021696 0.0057854 0.88799
16 0.99787 0.0062868 0.064957 -0.0062956 0.99998 -6.87e-05 -0.064956 -0.0003404 0.99789 0.025587 0.0059582 0.95109
17 0.99779 0.00543 0.066194 -0.0054396 0.99999 -3.49e-05 -0.066193 -0.0003253 0.99781 0.029778 0.0063603 1.0136
18 0.99772 0.0045788 0.067378 -0.004649 0.99999 0.0008849 -0.067373 -0.0011961 0.99773 0.033604 0.0068278 1.0777
19 0.99786 0.0029832 0.065286 -0.0031076 0.99999 0.0018038 -0.06528 -0.0020029 0.99787 0.038873 0.0073597 1.1385
20 0.99797 0.0033233 0.063525 -0.003422 0.99999 0.0014446 -0.06352 -0.001659 0.99798 0.043205 0.0075649 1.2016
21 0.99815 0.0044718 0.060654 -0.0045044 0.99999 0.0004007 -0.060651 -0.0006732 0.99816 0.046038 0.0084183 1.2599
22 0.99824 0.0070346 0.058889 -0.0071083 0.99997 0.0010428 -0.05888 -0.0014596 0.99826 0.047635 0.0083266 1.3216
23 0.99844 0.0096308 0.054994 -0.0096565 0.99995 0.0002016 -0.054989 -0.0007324 0.99849 0.051784 0.0087164 1.3759
24 0.99858 0.012276 0.05181 -0.012216 0.99992 -0.0014767 -0.051824 0.0008417 0.99866 0.053617 0.0087658 1.4341
25 0.99871 0.013586 0.048902 -0.013438 0.9999 -0.0033453 -0.048943 0.0026838 0.9988 0.055837 0.0088566 1.4918
26 0.99885 0.015487 0.045437 -0.015297 0.99987 -0.0045266 -0.045501 0.0038263 0.99896 0.058651 0.0088116 1.5538
27 0.999 0.0155 0.041879 -0.015273 0.99987 -0.005732 -0.041962 0.0050866 0.99911 0.058977 0.0091512 1.6097
28 0.99915 0.01599 0.038085 -0.015822 0.99986 -0.0047064 -0.038155 0.0040999 0.99926 0.061144 0.0091989 1.6724
29 0.9993 0.017121 0.033365 -0.017 0.99985 -0.0038895 -0.033426 0.0033196 0.99944 0.062949 0.0094604 1.729
30 0.99936 0.018429 0.030578 -0.018329 0.99983 -0.0035506 -0.030638 0.0029879 0.99953 0.063848 0.0097901 1.79
31 0.99949 0.018689 0.025741 -0.018657 0.99982 -0.0014916 -0.025764 0.0010106 0.99967 0.065863 0.0092056 1.8445
32 0.99954 0.019461 0.023061 -0.019473 0.99981 0.0002839 -0.023051 -0.0007328 0.99973 0.066524 0.009208 1.9059
33 0.99956 0.021424 0.020309 -0.021453 0.99977 0.0012447 -0.020277 -0.0016798 0.99979 0.06708 0.0094952 1.9666
34 0.99963 0.020994 0.017163 -0.021041 0.99978 0.0025953 -0.017105 -0.0029555 0.99985 0.06887 0.010044 2.0276
35 0.99963 0.022787 0.014712 -0.022863 0.99973 0.0050015 -0.014594 -0.005336 0.99988 0.068271 0.010183 2.0849
36 0.99969 0.021739 0.012163 -0.021815 0.99974 0.0061578 -0.012026 -0.0064212 0.99991 0.068825 0.010851 2.1463
37 0.99957 0.027637 0.009341 -0.027695 0.9996 0.0061035 -0.0091685 -0.0063596 0.99994 0.067661 0.011317 2.2042
38 0.99938 0.034451 0.0079076 -0.034458 0.99941 0.0007503 -0.0078771 -0.0010223 0.99997 0.066962 0.011862 2.2597
39 0.99921 0.039039 0.0068397 -0.039042 0.99924 0.0003211 -0.0068219 -0.0005879 0.99998 0.066556 0.01251 2.3166
40 0.99914 0.041028 0.0058769 -0.041035 0.99916 0.0010961 -0.005827 -0.0013363 0.99998 0.066476 0.012526 2.3748
41 0.99908 0.042818 0.0030823 -0.042816 0.99908 -0.0005089 -0.0031012 0.0003765 1 0.065102 0.013691 2.4361
42 0.99902 0.04415 0.0020136 -0.044141 0.99902 -0.0038686 -0.0021824 0.003776 0.99999 0.06519 0.013479 2.493
43 0.99896 0.045501 0.000809 -0.045496 0.99895 -0.0052109 -0.0010453 0.0051687 0.99999 0.063931 0.012951 2.5532
44 0.99886 0.04779 0.0007662 -0.047788 0.99885 -0.0023563 -0.000878 0.002317 1 0.063226 0.012641 2.6112
45 0.99875 0.049967 -0.0019152 -0.049967 0.99875 0.0001088 0.0019183 -1.3e-05 1 0.062313 0.01222 2.6738
46 0.99863 0.052269 -0.0035544 -0.05227 0.99863 -3.57e-05 0.0035477 0.0002214 0.99999 0.062461 0.01252 2.7341
47 0.99854 0.053765 -0.0050639 -0.053761 0.99855 0.0009716 0.0051089 -0.000698 0.99999 0.061104 0.012149 2.7917
48 0.99846 0.054924 -0.0076167 -0.054899 0.99849 0.003399 0.0077918 -0.0029756 0.99997 0.060871 0.01154 2.8542
49 0.99846 0.054053 -0.012477 -0.053986 0.99853 0.005645 0.012763 -0.0049628 0.99991 0.058544 0.012505 2.9258
50 0.99839 0.054857 -0.014352 -0.054773 0.99848 0.0061632 0.014668 -0.0053672 0.99988 0.057759 0.013275 2.9878
51 0.9982 0.057712 -0.016022 -0.057641 0.99833 0.0048405 0.016274 -0.0039083 0.99986 0.055497 0.012805 3.0493
52 0.99813 0.058664 -0.017017 -0.05858 0.99827 0.005412 0.017305 -0.0044051 0.99984 0.05475 0.012988 3.112
53 0.99816 0.058323 -0.016844 -0.05816 0.99826 0.010032 0.017399 -0.0090337 0.99981 0.05237 0.013338 3.1716
54 0.99819 0.05786 -0.016436 -0.057638 0.99824 0.013682 0.017199 -0.01271 0.99977 0.052514 0.01372 3.2329
55 0.9982 0.057182 -0.017933 -0.056868 0.99823 0.01756 0.018905 -0.016509 0.99969 0.048195 0.01534 3.2911
56 0.99833 0.055153 -0.016997 -0.054852 0.99834 0.017709 0.017946 -0.016747 0.9997 0.048088 0.015541 3.3535
57 0.99845 0.053404 -0.01587 -0.053123 0.99843 0.017653 0.016788 -0.016782 0.99972 0.045511 0.017386 3.416
58 0.99851 0.052323 -0.015407 -0.052135 0.99856 0.012313 0.016029 -0.011491 0.99981 0.045973 0.017629 3.4784
59 0.99841 0.054548 -0.01397 -0.054422 0.99848 0.0092264 0.014452 -0.0084515 0.99986 0.041795 0.019164 3.5369
60 0.99812 0.05977 -0.013565 -0.05965 0.99818 0.0091087 0.014085 -0.0082825 0.99987 0.04187 0.018335 3.5994
61 0.99792 0.062759 -0.014669 -0.062623 0.99799 0.0095353 0.015238 -0.0085969 0.99985 0.042491 0.018939 3.6624
62 0.99796 0.062449 -0.013352 -0.062313 0.998 0.010355 0.013972 -0.0095017 0.99986 0.0367 0.020217 3.7304
63 0.99825 0.057257 -0.014556 -0.057073 0.99829 0.012772 0.015263 -0.011919 0.99981 0.040794 0.020257 3.7896
64 0.9985 0.052776 -0.014551 -0.052563 0.99851 0.014636 0.015302 -0.01385 0.99979 0.041499 0.019278 3.8538
65 0.99862 0.050447 -0.014869 -0.050216 0.99862 0.015562 0.015634 -0.014793 0.99977 0.037792 0.021068 3.9178
66 0.99858 0.051134 -0.014666 -0.05089 0.99857 0.016515 0.015489 -0.015745 0.99976 0.038855 0.022798 3.9808
67 0.99845 0.052414 -0.018537 -0.052138 0.99853 0.015053 0.019298 -0.014064 0.99971 0.029288 0.025077 4.0322
68 0.99835 0.05442 -0.018098 -0.054167 0.99843 0.014177 0.018841 -0.013173 0.99974 0.030711 0.02713 4.0947
69 0.99834 0.054908 -0.017471 -0.054603 0.99835 0.017521 0.018404 -0.016538 0.99969 0.031677 0.029431 4.1627
70 0.99836 0.054005 -0.019084 -0.053627 0.99836 0.019818 0.020123 -0.018762 0.99962 0.023074 0.031394 4.2315
71 0.99828 0.055631 -0.018641 -0.055281 0.99829 0.01878 0.019654 -0.017717 0.99965 0.024595 0.034649 4.2967
72 0.99812 0.058959 -0.016915 -0.058662 0.99812 0.017528 0.017916 -0.016503 0.9997 0.023439 0.035885 4.3595
73 0.99797 0.061691 -0.015524 -0.061423 0.99796 0.017169 0.016552 -0.016181 0.99973 0.018481 0.038144 4.4218
74 0.99796 0.062241 -0.014358 -0.06199 0.99793 0.017381 0.01541 -0.016455 0.99975 0.018771 0.03904 4.4863
75 0.99794 0.061535 -0.018158 -0.061184 0.99794 0.019337 0.01931 -0.018187 0.99965 0.0064577 0.039598 4.5703
76 0.99798 0.061223 -0.017215 -0.06087 0.99794 0.020302 0.018422 -0.019213 0.99965 0.0052593 0.040868 4.6366
77 0.99799 0.061071 -0.017015 -0.060709 0.99793 0.021023 0.018264 -0.019948 0.99963 -9.29e-05 0.042081 4.6979
78 0.99802 0.060778 -0.016473 -0.060435 0.99796 0.020601 0.017692 -0.019564 0.99965 -0.0003318 0.043881 4.7642
79 0.99813 0.05909 -0.015703 -0.058756 0.99805 0.020958 0.016911 -0.019996 0.99966 -0.0061658 0.045547 4.8251
80 0.9982 0.057727 -0.016117 -0.057376 0.99812 0.021465 0.017326 -0.020502 0.99964 -0.0069577 0.046382 4.8896
81 0.9982 0.056525 -0.020047 -0.056113 0.99821 0.020564 0.021174 -0.019402 0.99959 -0.012912 0.04853 4.9765
82 0.9982 0.056602 -0.019901 -0.056175 0.99819 0.021392 0.021076 -0.020236 0.99957 -0.014442 0.05015 5.0411
83 0.99823 0.056141 -0.019611 -0.05569 0.99819 0.022862 0.020859 -0.021729 0.99955 -0.017655 0.051121 5.1057
84 0.99819 0.056989 -0.019006 -0.056532 0.99812 0.023763 0.020324 -0.022646 0.99954 -0.019217 0.052953 5.1701
85 0.99828 0.054626 -0.021206 -0.054113 0.99825 0.02404 0.022482 -0.022851 0.99949 -0.022649 0.053684 5.2444
86 0.99836 0.053835 -0.01922 -0.053364 0.99828 0.024228 0.020492 -0.023163 0.99952 -0.024399 0.05501 5.3104
87 0.99847 0.051715 -0.01955 -0.051284 0.99844 0.021957 0.020655 -0.020921 0.99957 -0.027686 0.05745 5.3728
88 0.99843 0.052618 -0.019164 -0.052219 0.99842 0.020727 0.020224 -0.019694 0.9996 -0.02908 0.059106 5.4383
89 0.99834 0.054012 -0.019865 -0.05356 0.99831 0.022601 0.021052 -0.0215 0.99955 -0.032419 0.060225 5.512
90 0.99823 0.056235 -0.019476 -0.055753 0.99814 0.024472 0.020816 -0.023343 0.99951 -0.033975 0.06166 5.5754
91 0.99811 0.058471 -0.01872 -0.057992 0.998 0.025173 0.020154 -0.02404 0.99951 -0.037299 0.063453 5.6397
92 0.99809 0.059238 -0.017781 -0.058779 0.99795 0.025308 0.019244 -0.024214 0.99952 -0.039452 0.064983 5.704
93 0.99806 0.059921 -0.016983 -0.059502 0.99794 0.024168 0.018396 -0.023111 0.99956 -0.042668 0.066547 5.7657
94 0.99807 0.059711 -0.017201 -0.059267 0.99792 0.025274 0.018674 -0.024206 0.99953 -0.042556 0.067366 5.827
95 0.99815 0.058086 -0.017833 -0.057585 0.99796 0.027445 0.019391 -0.026368 0.99946 -0.044609 0.068773 5.8962
96 0.99821 0.057114 -0.017991 -0.056623 0.99804 0.026687 0.01948 -0.025621 0.99948 -0.045662 0.070465 5.9588
97 0.99832 0.054284 -0.020104 -0.053733 0.99819 0.026998 0.021533 -0.025872 0.99943 -0.051733 0.071547 6.0244
98 0.99829 0.054817 -0.020393 -0.054251 0.99815 0.027344 0.021854 -0.026191 0.99942 -0.053742 0.073794 6.0882
99 0.99831 0.053706 -0.022316 -0.053091 0.99822 0.027314 0.023744 -0.026083 0.99938 -0.058291 0.075743 6.1506
100 0.99837 0.052394 -0.022845 -0.051747 0.99827 0.028018 0.024274 -0.02679 0.99935 -0.060483 0.077383 6.2153
101 0.99837 0.05142 -0.024625 -0.050708 0.9983 0.028694 0.026058 -0.027398 0.99928 -0.063784 0.079599 6.2829
102 0.99825 0.053527 -0.025274 -0.05282 0.99822 0.027869 0.026721 -0.026485 0.99929 -0.065983 0.081787 6.3453
103 0.99818 0.054594 -0.025773 -0.053868 0.99815 0.028056 0.027257 -0.026616 0.99927 -0.069248 0.083185 6.4087
104 0.99804 0.056818 -0.026095 -0.056079 0.99803 0.02823 0.027647 -0.026712 0.99926 -0.071262 0.084709 6.4715
105 0.998 0.05714 -0.026917 -0.056408 0.99804 0.027215 0.02842 -0.025642 0.99927 -0.073598 0.086049 6.5348
106 0.99783 0.059932 -0.027321 -0.059175 0.99786 0.027697 0.028922 -0.02602 0.99924 -0.074858 0.08782 6.599
107 0.99769 0.062735 -0.025968 -0.061977 0.99766 0.029034 0.027728 -0.027357 0.99924 -0.079978 0.08974 6.6615
108 0.99773 0.062349 -0.025567 -0.061576 0.99765 0.029944 0.027374 -0.028302 0.99922 -0.081701 0.091157 6.725
109 0.99779 0.062349 -0.02303 -0.061663 0.99766 0.029392 0.024808 -0.027906 0.9993 -0.085232 0.093572 6.7874
110 0.99792 0.060685 -0.021897 -0.05999 0.99771 0.031119 0.023735 -0.02974 0.99928 -0.087304 0.094674 6.8516
111 0.99793 0.059723 -0.023894 -0.059007 0.99782 0.029618 0.025611 -0.028147 0.99928 -0.091454 0.097731 6.9354
112 0.99785 0.061294 -0.023112 -0.060598 0.99772 0.029703 0.02488 -0.028239 0.99929 -0.093109 0.099851 6.999
113 0.9978 0.062337 -0.022614 -0.061612 0.9976 0.031479 0.024522 -0.030017 0.99925 -0.096907 0.10175 7.0633
114 0.99775 0.06294 -0.023066 -0.062164 0.99752 0.03294 0.025082 -0.031432 0.99919 -0.097722 0.10383 7.1315
115 0.99751 0.066395 -0.023946 -0.065611 0.99733 0.03217 0.026018 -0.030519 0.9992 -0.10497 0.10578 7.2065
116 0.99739 0.068086 -0.024058 -0.06733 0.99725 0.03096 0.0261 -0.029259 0.99923 -0.10681 0.10751 7.2701
117 0.99729 0.068612 -0.02666 -0.067833 0.99727 0.029085 0.028583 -0.027198 0.99922 -0.11173 0.10914 7.3455
118 0.9973 0.068439 -0.026666 -0.067678 0.9973 0.028486 0.028544 -0.026604 0.99924 -0.11392 0.11141 7.4101
119 0.99727 0.068245 -0.028129 -0.067419 0.99729 0.02936 0.030056 -0.027383 0.99917 -0.11864 0.11265 7.477
120 0.99728 0.068225 -0.027827 -0.067396 0.99728 0.029696 0.029778 -0.02774 0.99917 -0.12136 0.11483 7.5423
121 0.99721 0.068462 -0.029598 -0.067617 0.9973 0.028684 0.031482 -0.026603 0.99915 -0.12593 0.11718 7.6078
122 0.9972 0.068416 -0.030124 -0.067579 0.99732 0.028 0.031959 -0.025885 0.99915 -0.12796 0.11831 7.672
123 0.99719 0.068419 -0.030502 -0.067567 0.99732 0.028126 0.032344 -0.025986 0.99914 -0.1304 0.12046 7.7372
124 0.99717 0.067772 -0.032538 -0.066854 0.99735 0.028531 0.034386 -0.026275 0.99906 -0.13577 0.12254 7.8085
125 0.99718 0.067493 -0.032935 -0.066522 0.99734 0.029721 0.034854 -0.027446 0.99902 -0.13928 0.12334 7.8736
126 0.99722 0.066952 -0.03272 -0.066019 0.9974 0.028802 0.034563 -0.026562 0.99905 -0.1425 0.12547 7.9386
127 0.99715 0.067131 -0.034308 -0.066198 0.99742 0.027652 0.036076 -0.025302 0.99903 -0.14733 0.12714 7.9979
128 0.99706 0.068159 -0.034929 -0.067201 0.99735 0.027921 0.036739 -0.025492 0.999 -0.14935 0.12936 8.0622
129 0.997 0.067256 -0.03823 -0.066208 0.99741 0.028051 0.040017 -0.025435 0.99888 -0.15566 0.13103 8.1418
130 0.99688 0.068683 -0.038968 -0.067595 0.9973 0.028583 0.040826 -0.025859 0.99883 -0.15792 0.13379 8.2056
131 0.99689 0.068442 -0.039183 -0.067332 0.99731 0.028992 0.041062 -0.026263 0.99881 -0.16114 0.13571 8.2714
132 0.99684 0.068057 -0.041049 -0.06691 0.99735 0.028697 0.042893 -0.02586 0.99874 -0.16689 0.13716 8.3363
133 0.99675 0.068786 -0.041878 -0.067598 0.99729 0.029158 0.04377 -0.026232 0.9987 -0.1704 0.13928 8.3998
134 0.99657 0.070503 -0.043286 -0.069226 0.99714 0.030319 0.045299 -0.027219 0.9986 -0.17473 0.14109 8.4694
135 0.99648 0.071319 -0.044126 -0.070002 0.99707 0.03071 0.046187 -0.027513 0.99855 -0.17808 0.14299 8.5325
136 0.99644 0.071098 -0.045297 -0.069717 0.99707 0.031363 0.047394 -0.028094 0.99848 -0.18251 0.14558 8.5965
137 0.99642 0.070476 -0.04674 -0.069062 0.99712 0.031211 0.048806 -0.027872 0.99842 -0.18596 0.14744 8.6596
138 0.99642 0.067679 -0.050692 -0.066233 0.99736 0.029686 0.052568 -0.026222 0.99827 -0.19227 0.1489 8.7396
139 0.99645 0.066062 -0.052101 -0.064711 0.99753 0.027209 0.053769 -0.023741 0.99827 -0.19556 0.15084 8.8046
140 0.99631 0.066392 -0.05447 -0.065028 0.99753 0.026446 0.056091 -0.022806 0.99817 -0.20072 0.15245 8.8688
141 0.99625 0.066539 -0.055338 -0.065147 0.99752 0.026585 0.056969 -0.022881 0.99811 -0.20448 0.15429 8.931
142 0.9961 0.068083 -0.056071 -0.066555 0.99737 0.028684 0.057877 -0.02484 0.99801 -0.20852 0.15642 8.996
143 0.99603 0.07009 -0.054901 -0.068418 0.99715 0.031761 0.056971 -0.027879 0.99799 -0.21238 0.15816 9.0608
144 0.99589 0.073167 -0.053357 -0.071484 0.9969 0.032807 0.055592 -0.028858 0.99804 -0.21857 0.15967 9.1266
145 0.99588 0.074219 -0.052133 -0.0727 0.99689 0.030443 0.054231 -0.026527 0.99818 -0.22232 0.16201 9.1907
146 0.99587 0.074663 -0.051563 -0.073316 0.99693 0.027544 0.053461 -0.02365 0.99829 -0.22623 0.16373 9.2519
147 0.99612 0.071879 -0.05071 -0.070688 0.99719 0.024912 0.052358 -0.02123 0.9984 -0.22926 0.16512 9.3151
148 0.99638 0.068734 -0.049966 -0.067602 0.99742 0.024003 0.051488 -0.020538 0.99846 -0.23277 0.16693 9.3789
149 0.99665 0.065847 -0.048602 -0.064709 0.9976 0.024638 0.050108 -0.02141 0.99851 -0.23598 0.16865 9.442
150 0.9968 0.063853 -0.048054 -0.062688 0.99771 0.025386 0.049565 -0.022292 0.99852 -0.23954 0.17007 9.5026
151 0.99683 0.063643 -0.047844 -0.062469 0.99772 0.02566 0.049368 -0.02259 0.99853 -0.24268 0.17154 9.5642
152 0.99681 0.063256 -0.048669 -0.062076 0.99775 0.025395 0.050165 -0.022293 0.99849 -0.24619 0.17301 9.6274
153 0.99686 0.062106 -0.049069 -0.060931 0.99783 0.025088 0.050521 -0.02202 0.99848 -0.24937 0.17442 9.6889
154 0.99672 0.063543 -0.050081 -0.062323 0.99773 0.025567 0.051592 -0.022362 0.99842 -0.25384 0.17593 9.7495
155 0.99653 0.066408 -0.05027 -0.065079 0.9975 0.027639 0.05198 -0.024272 0.99835 -0.25717 0.17745 9.8102
156 0.99593 0.07437 -0.050917 -0.072882 0.99687 0.030499 0.053026 -0.026663 0.99824 -0.26179 0.17925 9.8671
157 0.99558 0.078573 -0.051415 -0.077139 0.99659 0.029295 0.053541 -0.0252 0.99825 -0.26543 0.18078 9.9257
158 0.99552 0.078639 -0.052541 -0.077434 0.99669 0.024588 0.054301 -0.020409 0.99832 -0.26882 0.18164 9.9833
159 0.99566 0.075997 -0.053758 -0.074924 0.99695 0.02171 0.055244 -0.017588 0.99832 -0.27309 0.1826 10.04
160 0.99564 0.07408 -0.056608 -0.073231 0.99717 0.016939 0.057703 -0.01272 0.99825 -0.27665 0.18451 10.105
161 0.99578 0.07192 -0.057056 -0.07098 0.99731 0.018334 0.058221 -0.014207 0.9982 -0.28035 0.18539 10.161
162 0.99578 0.071631 -0.057328 -0.070117 0.99715 0.028009 0.059171 -0.023871 0.99796 -0.28374 0.18677 10.214
163 0.99578 0.070911 -0.058229 -0.068878 0.99697 0.036201 0.06062 -0.032038 0.99765 -0.28672 0.1881 10.268
164 0.99628 0.062967 -0.058882 -0.060974 0.99752 0.035048 0.060943 -0.031327 0.99765 -0.29003 0.1901 10.321
165 0.99632 0.06109 -0.060046 -0.059238 0.99773 0.032155 0.061874 -0.02848 0.99768 -0.29354 0.19182 10.374
166 0.99629 0.059464 -0.062258 -0.057978 0.99799 0.025409 0.063644 -0.021705 0.99774 -0.29575 0.19265 10.423
167 0.99638 0.057064 -0.062961 -0.055664 0.99817 0.023771 0.064202 -0.020181 0.99773 -0.29906 0.19396 10.474
168 0.99614 0.061176 -0.062916 -0.059536 0.99784 0.027621 0.06447 -0.023769 0.99764 -0.30423 0.195 10.531
169 0.99616 0.060493 -0.063305 -0.058933 0.99792 0.026237 0.064761 -0.022405 0.99765 -0.30782 0.19606 10.58
170 0.99621 0.058212 -0.064633 -0.056744 0.99809 0.024315 0.065925 -0.020556 0.99761 -0.31106 0.1967 10.627
171 0.99613 0.058983 -0.065192 -0.05784 0.99814 0.019283 0.066208 -0.015438 0.99769 -0.31498 0.19769 10.675
172 0.99616 0.056282 -0.06701 -0.055544 0.99837 0.012822 0.067623 -0.0090505 0.99767 -0.31831 0.19863 10.721
173 0.99613 0.055803 -0.067912 -0.055103 0.99841 0.012143 0.068481 -0.0083537 0.99762 -0.32179 0.199 10.769
174 0.99606 0.056471 -0.068385 -0.05551 0.99833 0.015874 0.069168 -0.012016 0.99753 -0.32579 0.19985 10.816
175 0.99606 0.056064 -0.068758 -0.054912 0.99832 0.018533 0.069682 -0.014685 0.99746 -0.32938 0.20061 10.864
176 0.99592 0.057323 -0.069648 -0.056173 0.99825 0.018353 0.070578 -0.014365 0.9974 -0.33325 0.20165 10.911
177 0.99582 0.058493 -0.070151 -0.057372 0.99819 0.017904 0.071072 -0.013805 0.99738 -0.33736 0.20254 10.959
178 0.99563 0.060572 -0.071132 -0.059507 0.99808 0.017003 0.072026 -0.012696 0.99732 -0.34115 0.20311 11.007
179 0.99555 0.061095 -0.071683 -0.060106 0.99807 0.015884 0.072515 -0.011505 0.9973 -0.34492 0.20389 11.053
180 0.99542 0.06297 -0.071928 -0.062005 0.99795 0.015572 0.072762 -0.011041 0.99729 -0.34885 0.20441 11.1
181 0.99529 0.063877 -0.07294 -0.062932 0.9979 0.015176 0.073757 -0.010515 0.99722 -0.35245 0.20512 11.148
182 0.99521 0.064734 -0.073322 -0.063789 0.99785 0.015169 0.074146 -0.010419 0.99719 -0.35575 0.20633 11.192
183 0.99521 0.064784 -0.073189 -0.063758 0.99783 0.01627 0.074085 -0.011525 0.99719 -0.35947 0.20714 11.239
184 0.99518 0.065239 -0.073279 -0.064233 0.99781 0.015998 0.074162 -0.011213 0.99718 -0.36309 0.20765 11.284
185 0.99529 0.064045 -0.072774 -0.063165 0.9979 0.014339 0.07354 -0.0096749 0.99725 -0.36702 0.20851 11.33
186 0.99536 0.063211 -0.072515 -0.062365 0.99796 0.013868 0.073244 -0.0092816 0.99727 -0.37065 0.20908 11.376
187 0.99551 0.061394 -0.072103 -0.06057 0.99807 0.01356 0.072796 -0.009132 0.9973 -0.3739 0.20988 11.422
188 0.9955 0.062177 -0.071509 -0.061372 0.99803 0.013403 0.072201 -0.008954 0.99735 -0.3782 0.21027 11.473
189 0.99556 0.061877 -0.070989 -0.061039 0.99804 0.013912 0.071711 -0.0095167 0.99738 -0.38119 0.21112 11.52
190 0.99558 0.062797 -0.069891 -0.061877 0.99797 0.015262 0.070707 -0.01087 0.99744 -0.38468 0.21178 11.564
191 0.99568 0.063439 -0.067851 -0.062419 0.9979 0.017061 0.068791 -0.012752 0.99755 -0.38831 0.21271 11.61
192 0.99575 0.063197 -0.066988 -0.062157 0.99791 0.017506 0.067954 -0.013268 0.9976 -0.39131 0.2137 11.655
193 0.99592 0.062186 -0.065435 -0.061274 0.998 0.015849 0.06629 -0.011774 0.99773 -0.39489 0.2145 11.701
194 0.99601 0.060337 -0.065765 -0.059472 0.99812 0.015034 0.066548 -0.011063 0.99772 -0.39728 0.21467 11.749
195 0.99616 0.059491 -0.064186 -0.05871 0.99818 0.013985 0.064901 -0.010164 0.99784 -0.40132 0.21601 11.794
196 0.9963 0.058755 -0.062792 -0.057941 0.99821 0.014716 0.063544 -0.011024 0.99792 -0.40436 0.21661 11.84
197 0.99636 0.059588 -0.060953 -0.058756 0.99815 0.01535 0.061755 -0.011713 0.99802 -0.40784 0.2169 11.882
198 0.99634 0.061474 -0.059451 -0.060682 0.99804 0.015031 0.060258 -0.011368 0.99812 -0.41093 0.21787 11.927
199 0.99627 0.063672 -0.058181 -0.062847 0.9979 0.015911 0.059072 -0.012195 0.99818 -0.41356 0.2182 11.972
200 0.99623 0.065466 -0.057001 -0.064668 0.99778 0.015739 0.057905 -0.011994 0.99825 -0.41645 0.21851 12.019
201 0.99614 0.068047 -0.055484 -0.067313 0.99762 0.014996 0.056373 -0.011203 0.99835 -0.41942 0.21946 12.064
202 0.99605 0.070274 -0.054238 -0.069561 0.99747 0.01492 0.055149 -0.011089 0.99842 -0.42191 0.22026 12.108
203 0.99617 0.069995 -0.052419 -0.069295 0.99748 0.015038 0.05334 -0.011348 0.99851 -0.42547 0.2209 12.151
204 0.99623 0.070305 -0.050832 -0.069659 0.99747 0.014355 0.051713 -0.01076 0.9986 -0.42793 0.22164 12.196
205 0.99642 0.068605 -0.049346 -0.068139 0.99761 0.011058 0.049987 -0.0076559 0.99872 -0.43095 0.22198 12.237
206 0.99666 0.065777 -0.048336 -0.065486 0.99782 0.0075831 0.048729 -0.0043925 0.9988 -0.43317 0.22265 12.281
207 0.9968 0.064769 -0.046833 -0.06446 0.99789 0.0080747 0.047257 -0.00503 0.99887 -0.43546 0.22294 12.325
208 0.99693 0.063906 -0.045223 -0.063378 0.9979 0.013011 0.04596 -0.010105 0.99889 -0.43767 0.22329 12.367
209 0.99697 0.06397 -0.044214 -0.063209 0.99783 0.018417 0.045296 -0.015567 0.99885 -0.43979 0.22391 12.411
210 0.99708 0.063028 -0.04318 -0.06221 0.99786 0.020028 0.04435 -0.017283 0.99887 -0.44227 0.22501 12.453
211 0.99712 0.062548 -0.042933 -0.061805 0.99792 0.018413 0.043996 -0.015707 0.99891 -0.44441 0.22604 12.497
212 0.99714 0.062295 -0.042897 -0.061624 0.99796 0.016793 0.043855 -0.014101 0.99894 -0.44596 0.22658 12.539
213 0.99719 0.061793 -0.042283 -0.06116 0.998 0.0161 0.043193 -0.013469 0.99898 -0.44841 0.22707 12.582
214 0.99727 0.060705 -0.041967 -0.060156 0.99809 0.014213 0.04275 -0.01165 0.99902 -0.45022 0.22792 12.623
215 0.9973 0.060407 -0.041786 -0.059877 0.99811 0.013825 0.042542 -0.011286 0.99903 -0.45224 0.22824 12.666
216 0.9973 0.060669 -0.041383 -0.060133 0.99809 0.014064 0.042157 -0.011538 0.99904 -0.45459 0.22916 12.713
217 0.99742 0.058733 -0.041175 -0.058176 0.9982 0.014597 0.041958 -0.012164 0.99905 -0.45563 0.22968 12.755
218 0.99741 0.05918 -0.040766 -0.058594 0.99816 0.01542 0.041604 -0.012992 0.99905 -0.45741 0.2303 12.797
219 0.99747 0.059053 -0.039534 -0.058461 0.99816 0.015964 0.040404 -0.013612 0.99909 -0.46031 0.23089 12.837
220 0.99754 0.058258 -0.039008 -0.057608 0.99818 0.017598 0.039963 -0.015307 0.99908 -0.46219 0.2314 12.879
221 0.99763 0.05738 -0.037852 -0.056708 0.99822 0.018595 0.038851 -0.016404 0.99911 -0.46471 0.23233 12.92
222 0.99778 0.05558 -0.036796 -0.054961 0.99833 0.01764 0.037715 -0.015579 0.99917 -0.46669 0.23324 12.963
223 0.99796 0.05297 -0.035768 -0.052375 0.99848 0.017363 0.036633 -0.015454 0.99921 -0.46851 0.23428 13.005
224 0.99816 0.048529 -0.036418 -0.047871 0.99868 0.018737 0.037279 -0.016959 0.99916 -0.46899 0.23447 13.047
225 0.99829 0.046303 -0.035618 -0.045645 0.99878 0.01907 0.036457 -0.017412 0.99918 -0.47059 0.23522 13.088
226 0.99834 0.046171 -0.034481 -0.04558 0.9988 0.017748 0.035259 -0.016146 0.99925 -0.47254 0.23602 13.129
227 0.99834 0.046448 -0.033947 -0.045971 0.99883 0.014688 0.034589 -0.013103 0.99932 -0.47392 0.23693 13.171
228 0.99834 0.047647 -0.03244 -0.047295 0.99881 0.011536 0.032951 -0.0099822 0.99941 -0.47575 0.23741 13.21
229 0.9983 0.048931 -0.031685 -0.048603 0.99876 0.011042 0.032186 -0.0094834 0.99944 -0.47681 0.23773 13.251
230 0.99826 0.050634 -0.030072 -0.050315 0.99867 0.011242 0.030601 -0.0097097 0.99948 -0.47855 0.2382 13.292
231 0.99828 0.050838 -0.029072 -0.050514 0.99865 0.011764 0.029631 -0.010275 0.99951 -0.48007 0.23835 13.336
232 0.99836 0.050187 -0.027443 -0.049841 0.99867 0.013128 0.028066 -0.011738 0.99954 -0.48114 0.23875 13.376
233 0.99843 0.049496 -0.026086 -0.049099 0.99867 0.015639 0.026825 -0.014334 0.99954 -0.48279 0.23941 13.419
234 0.99853 0.048185 -0.024664 -0.0478 0.99873 0.015967 0.025402 -0.014765 0.99957 -0.48392 0.24007 13.459
235 0.99858 0.047601 -0.023977 -0.047283 0.99879 0.013666 0.024599 -0.012513 0.99962 -0.48568 0.24067 13.499
236 0.99853 0.049068 -0.022997 -0.048832 0.99875 0.010718 0.023494 -0.0095793 0.99968 -0.48675 0.24158 13.54
237 0.99842 0.051799 -0.021861 -0.051603 0.99862 0.0094294 0.022319 -0.0082864 0.99972 -0.48821 0.24184 13.578
238 0.99831 0.05433 -0.020409 -0.054164 0.9985 0.0085787 0.020844 -0.0074588 0.99975 -0.48965 0.24246 13.618
239 0.99821 0.056356 -0.020001 -0.056202 0.99839 0.0081956 0.02043 -0.0070568 0.99977 -0.49047 0.24287 13.658
240 0.99812 0.057788 -0.020309 -0.057645 0.99831 0.0075685 0.020712 -0.0063835 0.99977 -0.49168 0.24324 13.699
241 0.99809 0.058009 -0.021151 -0.057847 0.99829 0.0081716 0.021589 -0.0069324 0.99974 -0.49258 0.24346 13.739
242 0.99809 0.057331 -0.023022 -0.057111 0.99832 0.01011 0.023563 -0.0087756 0.99968 -0.49334 0.24388 13.78
243 0.9981 0.056611 -0.024438 -0.056322 0.99834 0.012345 0.025096 -0.010945 0.99963 -0.49494 0.24447 13.818
244 0.99801 0.05677 -0.027397 -0.056431 0.99832 0.01299 0.028089 -0.011418 0.99954 -0.49643 0.24547 13.859
245 0.99796 0.055635 -0.03132 -0.055268 0.99839 0.012436 0.031962 -0.010679 0.99943 -0.49758 0.24555 13.898
246 0.99787 0.05507 -0.034924 -0.054802 0.99846 0.0086107 0.035345 -0.0066785 0.99935 -0.49927 0.24624 13.938
247 0.99783 0.053391 -0.038599 -0.053197 0.99857 0.0060374 0.038865 -0.003971 0.99924 -0.50024 0.24641 13.978
248 0.99771 0.052993 -0.042021 -0.052829 0.99859 0.0049924 0.042226 -0.002761 0.9991 -0.50202 0.24687 14.018
249 0.9975 0.054445 -0.04502 -0.054282 0.99851 0.0048261 0.045216 -0.0023702 0.99897 -0.50395 0.24758 14.06
250 0.99726 0.056538 -0.047771 -0.056341 0.9984 0.0054672 0.048003 -0.0027607 0.99884 -0.50648 0.24803 14.1
251 0.9971 0.0568 -0.050722 -0.056456 0.99837 0.0081962 0.051105 -0.0053089 0.99868 -0.50896 0.24833 14.142
252 0.9969 0.057782 -0.053477 -0.057149 0.99828 0.013288 0.054152 -0.01019 0.99848 -0.51166 0.24886 14.184
253 0.99666 0.059829 -0.055512 -0.059052 0.99813 0.015538 0.056338 -0.012208 0.99834 -0.5145 0.24971 14.228
254 0.9964 0.060933 -0.058902 -0.060301 0.9981 0.012457 0.059549 -0.0088607 0.99819 -0.51722 0.25058 14.27
255 0.99611 0.062324 -0.062243 -0.06192 0.99805 0.0084057 0.062645 -0.0045189 0.99803 -0.51963 0.25108 14.31
256 0.99582 0.064029 -0.065206 -0.063653 0.99794 0.0078304 0.065574 -0.0036471 0.99784 -0.52233 0.25182 14.352
257 0.99554 0.066066 -0.067275 -0.065564 0.9978 0.009642 0.067764 -0.0051882 0.99769 -0.52635 0.25263 14.395
258 0.99538 0.066617 -0.069132 -0.06599 0.99776 0.011315 0.06973 -0.0067009 0.99754 -0.52967 0.2532 14.437
259 0.99528 0.065231 -0.071783 -0.064462 0.99784 0.012984 0.072474 -0.0082959 0.99734 -0.53192 0.25371 14.48
260 0.99531 0.062305 -0.073987 -0.061315 0.998 0.01557 0.074809 -0.010961 0.99714 -0.53515 0.25446 14.523
261 0.99516 0.062386 -0.075863 -0.061221 0.99797 0.017597 0.076806 -0.012867 0.99696 -0.53893 0.25507 14.568
262 0.99502 0.061738 -0.078265 -0.060479 0.998 0.01836 0.079242 -0.013536 0.99676 -0.54293 0.25606 14.612
263 0.9948 0.061585 -0.081088 -0.060348 0.99802 0.017618 0.082012 -0.012633 0.99655 -0.54637 0.25707 14.656
264 0.99463 0.061406 -0.08329 -0.060265 0.99805 0.016138 0.084118 -0.011032 0.99639 -0.55047 0.25794 14.7
265 0.99456 0.059903 -0.085161 -0.058882 0.99816 0.014459 0.085871 -0.0093663 0.99626 -0.5545 0.25853 14.745
266 0.9945 0.057391 -0.08761 -0.056407 0.99831 0.013669 0.088247 -0.0086516 0.99606 -0.55867 0.25922 14.789
267 0.99442 0.054127 -0.090583 -0.053192 0.9985 0.012714 0.091136 -0.0078244 0.99581 -0.5627 0.25971 14.832
268 0.99439 0.050277 -0.093033 -0.049443 0.99871 0.011246 0.093479 -0.0065833 0.9956 -0.56711 0.26062 14.876
269 0.99429 0.047726 -0.095467 -0.04682 0.99883 0.011712 0.095915 -0.0071753 0.99536 -0.57164 0.26164 14.921
270 0.99398 0.047663 -0.098603 -0.046329 0.9988 0.015779 0.099237 -0.011116 0.995 -0.57646 0.26207 14.966
271 0.99369 0.048887 -0.10095 -0.047582 0.99875 0.015294 0.10157 -0.010394 0.99477 -0.58147 0.26309 15.01
272 0.99321 0.0519 -0.10415 -0.051156 0.99864 0.0098029 0.10451 -0.0044087 0.99451 -0.58667 0.26393 15.056
273 0.9928 0.057516 -0.10508 -0.057444 0.99834 0.0037089 0.10512 0.0023542 0.99446 -0.5922 0.26451 15.098
274 0.99215 0.066198 -0.1061 -0.066374 0.99779 0.0018731 0.10599 0.0051838 0.99435 -0.59845 0.26494 15.143
275 0.9915 0.072794 -0.10786 -0.072917 0.99733 0.0028052 0.10778 0.0050837 0.99416 -0.60332 0.26556 15.188
276 0.99115 0.076906 -0.10816 -0.076564 0.99704 0.0073084 0.1084 0.0010373 0.99411 -0.60902 0.26652 15.234
277 0.99116 0.077255 -0.10787 -0.076158 0.99699 0.014257 0.10865 -0.0059151 0.99406 -0.61483 0.26681 15.279
278 0.99145 0.072759 -0.10829 -0.070863 0.99726 0.021252 0.10954 -0.013397 0.99389 -0.62007 0.26788 15.325
279 0.99189 0.065238 -0.10905 -0.062727 0.99768 0.026301 0.11051 -0.019247 0.99369 -0.62487 0.26912 15.37
280 0.99218 0.057798 -0.11064 -0.055153 0.99812 0.026818 0.11198 -0.020507 0.9935 -0.63002 0.27044 15.416
281 0.99225 0.052835 -0.1125 -0.050936 0.99851 0.01969 0.11338 -0.013806 0.99346 -0.63506 0.27185 15.461
282 0.99217 0.05196 -0.11358 -0.050901 0.99863 0.012211 0.11406 -0.0063344 0.99345 -0.64062 0.27306 15.507
283 0.99192 0.054368 -0.11465 -0.053562 0.99851 0.010103 0.11503 -0.0038799 0.99335 -0.64644 0.27367 15.553
284 0.99174 0.056194 -0.11534 -0.055372 0.99841 0.010321 0.11574 -0.0038491 0.99327 -0.65279 0.27465 15.6
285 0.9915 0.057055 -0.11691 -0.055947 0.99835 0.012743 0.11744 -0.0060945 0.99306 -0.65704 0.27559 15.647
286 0.99138 0.057672 -0.1176 -0.056294 0.9983 0.015001 0.11827 -0.0082517 0.99295 -0.66333 0.27641 15.694
287 0.99101 0.059728 -0.11974 -0.058243 0.99818 0.01586 0.12047 -0.0087427 0.99268 -0.66955 0.27776 15.741
288 0.99049 0.064149 -0.12171 -0.062986 0.99792 0.013385 0.12232 -0.0055914 0.99248 -0.67575 0.27894 15.789
289 0.99 0.06964 -0.12265 -0.068647 0.99757 0.012311 0.1232 -0.0037685 0.99237 -0.68285 0.28038 15.842
290 0.9897 0.072187 -0.12364 -0.070892 0.99737 0.014847 0.12439 -0.0059284 0.99222 -0.68981 0.28102 15.89
291 0.98951 0.071676 -0.12542 -0.069947 0.99739 0.018137 0.1264 -0.0091737 0.99194 -0.69603 0.28175 15.938
292 0.98962 0.066997 -0.12711 -0.065244 0.99771 0.017903 0.12802 -0.0094235 0.99173 -0.70264 0.28313 15.988
293 0.98961 0.062462 -0.12949 -0.060909 0.99802 0.015922 0.13023 -0.0078696 0.99145 -0.70862 0.2842 16.036
294 0.98949 0.060199 -0.13148 -0.058622 0.99815 0.015839 0.13219 -0.0079655 0.99119 -0.71558 0.28532 16.087
295 0.98936 0.059399 -0.13279 -0.057446 0.99818 0.018492 0.13364 -0.010667 0.99097 -0.72242 0.28641 16.136
296 0.98924 0.059705 -0.13355 -0.05761 0.99815 0.019498 0.13447 -0.011594 0.99085 -0.72954 0.28799 16.186
297 0.98912 0.059783 -0.13441 -0.057842 0.99816 0.0183 0.13526 -0.010326 0.99076 -0.73562 0.28923 16.236
298 0.98907 0.060014 -0.13471 -0.058743 0.99818 0.013394 0.13527 -0.005334 0.99079 -0.74372 0.29045 16.287
299 0.9889 0.061931 -0.13503 -0.061216 0.99808 0.0094425 0.13536 -0.0010714 0.9908 -0.751 0.29089 16.339
300 0.98846 0.068594 -0.1351 -0.06781 0.99764 0.0104 0.13549 -0.0011188 0.99078 -0.75806 0.29196 16.39
301 0.98812 0.073524 -0.13498 -0.072392 0.99729 0.013279 0.13559 -0.0033505 0.99076 -0.76654 0.29322 16.443
302 0.988 0.076714 -0.13406 -0.075304 0.99704 0.015559 0.13485 -0.0052774 0.99085 -0.7742 0.29442 16.495
303 0.98803 0.076478 -0.134 -0.074982 0.99705 0.016181 0.13484 -0.0059398 0.99085 -0.78295 0.29524 16.55
304 0.98815 0.073956 -0.13447 -0.072488 0.99724 0.015783 0.13527 -0.0058488 0.99079 -0.7903 0.29641 16.603
305 0.98829 0.072632 -0.13422 -0.070681 0.99731 0.01925 0.13526 -0.0095381 0.99076 -0.79786 0.29786 16.653
306 0.98843 0.07219 -0.13342 -0.069635 0.99729 0.023717 0.13477 -0.014152 0.99078 -0.80519 0.29925 16.705
307 0.98831 0.073718 -0.13343 -0.071042 0.99717 0.024717 0.13487 -0.01495 0.99075 -0.81278 0.3006 16.757
308 0.98829 0.07421 -0.1333 -0.071915 0.99717 0.021956 0.13455 -0.012113 0.99083 -0.82028 0.30173 16.808
309 0.98826 0.073907 -0.13369 -0.071913 0.99722 0.019689 0.13477 -0.0098443 0.99083 -0.82768 0.30275 16.862
310 0.98847 0.073811 -0.13218 -0.072134 0.99724 0.017433 0.1331 -0.007697 0.99107 -0.83552 0.30456 16.914
311 0.98889 0.070971 -0.13065 -0.069318 0.99745 0.017164 0.13153 -0.0079174 0.99128 -0.84326 0.30564 16.965
312 0.98905 0.070204 -0.12978 -0.068361 0.99749 0.018607 0.13076 -0.0095307 0.99137 -0.85002 0.30687 17.019
313 0.98925 0.070521 -0.12812 -0.068782 0.99747 0.017955 0.12907 -0.0089492 0.9916 -0.8575 0.30802 17.068
314 0.98929 0.071692 -0.12717 -0.070483 0.99741 0.013993 0.12784 -0.0048798 0.99178 -0.86418 0.30895 17.12
315 0.98944 0.07374 -0.1248 -0.072921 0.99728 0.011125 0.12528 -0.0019073 0.99212 -0.87387 0.31062 17.177
316 0.98937 0.07626 -0.12382 -0.075206 0.99708 0.01317 0.12446 -0.0037177 0.99222 -0.88092 0.31176 17.232
317 0.98954 0.075969 -0.12262 -0.074562 0.99709 0.016036 0.12348 -0.0067249 0.99232 -0.88673 0.31346 17.284
318 0.98971 0.076009 -0.12121 -0.074381 0.99707 0.017904 0.12221 -0.0087047 0.99247 -0.89407 0.31466 17.335
319 0.98987 0.075014 -0.12055 -0.073297 0.99714 0.018626 0.12161 -0.0096012 0.99253 -0.90006 0.31567 17.388
320 0.99 0.075292 -0.11933 -0.073567 0.99711 0.018804 0.1204 -0.0098369 0.99268 -0.90897 0.31714 17.442
321 0.98986 0.075938 -0.12007 -0.074442 0.99708 0.0169 0.121 -0.0077905 0.99262 -0.91489 0.31828 17.495
322 0.98973 0.077029 -0.12039 -0.076126 0.99703 0.012094 0.12096 -0.0028049 0.99265 -0.92268 0.31936 17.547
323 0.98976 0.077381 -0.11998 -0.076447 0.997 0.012377 0.12057 -0.0030786 0.9927 -0.9297 0.32067 17.601
324 0.98995 0.076166 -0.11912 -0.074712 0.99707 0.016633 0.12003 -0.0075662 0.99274 -0.93822 0.32229 17.654
325 0.9901 0.07488 -0.11875 -0.073164 0.99714 0.018748 0.11982 -0.0098739 0.99275 -0.94451 0.32365 17.709
326 0.99037 0.073266 -0.11751 -0.071726 0.99727 0.017289 0.11845 -0.0086946 0.99292 -0.95324 0.32458 17.762
327 0.99058 0.071694 -0.11664 -0.070442 0.99741 0.014832 0.1174 -0.0064763 0.99306 -0.95998 0.32564 17.815
328 0.99097 0.068896 -0.115 -0.068054 0.99762 0.011239 0.1155 -0.0033113 0.9933 -0.96763 0.32692 17.867
329 0.99127 0.069187 -0.11228 -0.068482 0.9976 0.010132 0.11271 -0.0023547 0.99362 -0.97465 0.32756 17.92
330 0.99165 0.069627 -0.10854 -0.06889 0.99757 0.010532 0.10901 -0.0029669 0.99404 -0.98321 0.32852 17.978
331 0.99178 0.071238 -0.10632 -0.070489 0.99745 0.010792 0.10682 -0.003209 0.99427 -0.98766 0.32987 18.033
332 0.99177 0.074258 -0.10425 -0.073449 0.99723 0.011588 0.10482 -0.0038355 0.99448 -0.9929 0.33051 18.084
333 0.99176 0.078498 -0.10125 -0.077713 0.99691 0.01168 0.10186 -0.0037152 0.99479 -0.99876 0.33273 18.139
334 0.99163 0.084352 -0.097726 -0.083365 0.99642 0.014149 0.09857 -0.0058833 0.99511 -1.0063 0.33356 18.196
335 0.99158 0.088411 -0.094593 -0.08732 0.99606 0.015617 0.095601 -0.0072254 0.99539 -1.0116 0.33466 18.251
336 0.99183 0.088982 -0.091365 -0.087806 0.996 0.016818 0.092495 -0.0086581 0.99568 -1.0188 0.33641 18.306
337 0.99265 0.081822 -0.089167 -0.080621 0.9966 0.016989 0.090254 -0.0096754 0.99587 -1.0251 0.33737 18.362
338 0.99356 0.073768 -0.086019 -0.072681 0.99723 0.01571 0.08694 -0.0093572 0.99617 -1.0317 0.33878 18.415
339 0.9943 0.065711 -0.083909 -0.064736 0.9978 0.014291 0.084663 -0.008778 0.99637 -1.0387 0.3396 18.471
340 0.99468 0.061446 -0.082715 -0.0607 0.99809 0.011498 0.083264 -0.0064163 0.99651 -1.0429 0.34101 18.525
341 0.99487 0.06074 -0.080903 -0.05998 0.99813 0.011796 0.081468 -0.0068826 0.99665 -1.0507 0.34123 18.582
342 0.99504 0.060882 -0.078611 -0.060249 0.99813 0.010405 0.079097 -0.0056168 0.99685 -1.0559 0.34297 18.637
343 0.99492 0.063086 -0.078451 -0.062652 0.998 0.0079835 0.078798 -0.0030279 0.99689 -1.0622 0.34361 18.691
344 0.99512 0.061134 -0.077462 -0.061062 0.99813 0.0033027 0.077519 0.0014434 0.99699 -1.0663 0.34472 18.746
345 0.99526 0.060393 -0.076224 -0.060193 0.99817 0.0049232 0.076383 -0.0003117 0.99708 -1.0707 0.34553 18.801
346 0.99529 0.057563 -0.07796 -0.056916 0.99832 0.010494 0.078433 -0.0060072 0.9969 -1.0764 0.34652 18.862
347 0.9954 0.05742 -0.076731 -0.056639 0.99832 0.012321 0.077309 -0.0079182 0.99698 -1.0827 0.34772 18.916
348 0.99544 0.058488 -0.075379 -0.057895 0.99827 0.010032 0.075836 -0.0056218 0.9971 -1.0879 0.34928 18.969
349 0.99572 0.055534 -0.073943 -0.05531 0.99846 0.0050798 0.074111 -0.0009682 0.99725 -1.0939 0.35043 19.023
350 0.99581 0.054776 -0.073267 -0.054658 0.9985 0.0036126 0.073355 0.0004072 0.99731 -1.1003 0.35045 19.081
351 0.99596 0.055621 -0.070432 -0.05541 0.99845 0.0049464 0.070598 -0.0010238 0.9975 -1.1053 0.35126 19.136
352 0.99578 0.061691 -0.067972 -0.061266 0.99809 0.0083143 0.068355 -0.0041148 0.99765 -1.1103 0.35254 19.189
353 0.99562 0.067164 -0.065014 -0.066647 0.99773 0.01009 0.065544 -0.0057128 0.99783 -1.1152 0.3537 19.242
354 0.99533 0.073445 -0.062696 -0.072967 0.99729 0.0098862 0.063252 -0.0052653 0.99798 -1.1198 0.35456 19.296
355 0.99509 0.074758 -0.064789 -0.074396 0.9972 0.0079866 0.065204 -0.0031273 0.99787 -1.1252 0.35586 19.355
356 0.99536 0.07262 -0.063124 -0.072369 0.99736 0.0062521 0.063412 -0.0016549 0.99799 -1.129 0.3572 19.41
357 0.99562 0.068381 -0.063825 -0.068208 0.99766 0.0048841 0.06401 -0.0005093 0.99795 -1.134 0.3573 19.464
358 0.99568 0.067639 -0.063619 -0.067481 0.99771 0.0046379 0.063787 -0.0003248 0.99796 -1.1398 0.35822 19.52
359 0.99568 0.068166 -0.063009 -0.06803 0.99767 0.0043049 0.063156 2e-07 0.998 -1.1434 0.35904 19.574
360 0.99551 0.070175 -0.063585 -0.069875 0.99753 0.0069355 0.063915 -0.0024613 0.99795 -1.1448 0.36097 19.63
361 0.99513 0.071206 -0.068205 -0.070805 0.99746 0.0082812 0.068622 -0.0034116 0.99764 -1.1511 0.3639 19.696
362 0.99487 0.072108 -0.070887 -0.071856 0.9974 0.0061022 0.071142 -0.0009773 0.99747 -1.1534 0.36482 19.75
363 0.9946 0.073747 -0.072979 -0.073487 0.99728 0.0062416 0.07324 -0.0008449 0.99731 -1.1596 0.36434 19.81
364 0.99441 0.074832 -0.074515 -0.074433 0.99719 0.0081223 0.074913 -0.0025305 0.99719 -1.1628 0.36494 19.867
365 0.99423 0.074034 -0.077619 -0.073526 0.99725 0.0093919 0.078101 -0.0036307 0.99694 -1.1693 0.36589 19.93
366 0.99416 0.07278 -0.079658 -0.072422 0.99735 0.0073736 0.079983 -0.0015615 0.99679 -1.1701 0.36897 19.986
367 0.99413 0.07173 -0.080995 -0.071463 0.99742 0.0062007 0.081231 -0.0003762 0.9967 -1.1757 0.36943 20.043
368 0.99413 0.070176 -0.082371 -0.070043 0.99753 0.0045117 0.082484 0.0012843 0.99659 -1.1782 0.37046 20.1
369 0.99397 0.070986 -0.083522 -0.070955 0.99747 0.0033451 0.083548 0.0026013 0.9965 -1.1813 0.37264 20.158
370 0.99385 0.071627 -0.08446 -0.071684 0.99742 0.0023702 0.084413 0.0036988 0.99642 -1.1814 0.37447 20.214
