1 0 0 0 0 0 0 0 0 0 0 0 0
2 0.99998 -0.0023862 0.0061488 0.0024002 0.99999 -0.0022734 -0.0061434 0.0022881 0.99998 0.0005574 0.000277 0.04403
3 0.99993 -0.0046543 0.010632 0.0046979 0.99998 -0.004082 -0.010613 0.0041317 0.99994 0.0015306 0.0007022 0.08806
4 0.99988 -0.0079659 0.013259 0.0080181 0.99996 -0.003889 -0.013228 0.0039949 0.9999 0.0019504 0.0006378 0.13189
5 0.99984 -0.011326 0.014188 0.011344 0.99994 -0.0011946 -0.014173 0.0013553 0.9999 0.0028306 0.0007222 0.17614
6 0.9998 -0.014269 0.014121 0.014254 0.9999 0.0011896 -0.014137 -0.000988 0.9999 0.0035028 0.0006892 0.22052
7 0.99979 -0.016302 0.012524 0.016282 0.99987 0.0016373 -0.012549 -0.001433 0.99992 0.0040844 0.0010919 0.26507
8 0.99977 -0.019128 0.0091644 0.019122 0.99982 0.0007944 -0.0091779 -0.000619 0.99996 0.0048864 0.0013383 0.3079
9 0.99975 -0.021745 0.0041486 0.021747 0.99976 -0.0003903 -0.0041392 0.0004804 0.99999 0.0052221 0.0016762 0.35249
10 0.99969 -0.024643 -0.0026014 0.024642 0.9997 -0.000573 0.0026147 0.0005087 1 0.0052225 0.0019548 0.39667
11 0.9996 -0.026133 -0.01105 0.02614 0.99966 0.0004651 0.011034 -0.0007538 0.99994 0.0043556 0.0022711 0.44122
12 0.99941 -0.027697 -0.020498 0.02777 0.99961 0.0033015 0.020399 -0.0038688 0.99978 0.0028538 0.0021907 0.48563
13 0.99909 -0.029166 -0.030985 0.029339 0.99956 0.0051398 0.030821 -0.0060442 0.99951 0.0012619 0.0025044 0.52758
14 0.99869 -0.028307 -0.042668 0.0286 0.99957 0.0062555 0.042472 -0.0074676 0.99907 -0.0009803 0.0028246 0.5731
15 0.99819 -0.026103 -0.054094 0.02644 0.99964 0.0055342 0.05393 -0.0069545 0.99852 -0.0040547 0.0036862 0.61762
16 0.99761 -0.025596 -0.064176 0.025878 0.99966 0.0035666 0.064063 -0.0052189 0.99793 -0.0077847 0.0037606 0.65567
17 0.99689 -0.026589 -0.074239 0.026907 0.99963 0.0032828 0.074125 -0.0052701 0.99723 -0.011451 0.0038169 0.69873
18 0.9961 -0.027809 -0.083741 0.028093 0.9996 0.0022147 0.083646 -0.0045586 0.99649 -0.015705 0.0046417 0.7424
19 0.99534 -0.025557 -0.09299 0.025786 0.99967 0.0012613 0.092927 -0.0036533 0.99567 -0.020545 0.0048357 0.78661
20 0.99458 -0.023296 -0.10131 0.023486 0.99972 0.0006805 0.10127 -0.0030562 0.99485 -0.026016 0.0048378 0.83129
21 0.99361 -0.02532 -0.10998 0.025298 0.99968 -0.0015977 0.10998 -0.0011947 0.99393 -0.031225 0.0049478 0.87554
22 0.99271 -0.027794 -0.11724 0.027726 0.99961 -0.0022145 0.11726 -0.0010523 0.9931 -0.037107 0.0050695 0.92019
23 0.99187 -0.027523 -0.12423 0.02768 0.99962 -0.0004651 0.12419 -0.0029773 0.99225 -0.041468 0.0050885 0.95646
24 0.99129 -0.024791 -0.12936 0.025162 0.99968 0.001233 0.12929 -0.0044772 0.9916 -0.048137 0.0051496 1.001
25 0.99081 -0.023229 -0.13322 0.023862 0.99971 0.0031534 0.13311 -0.0063033 0.99108 -0.054569 0.0050209 1.0431
26 0.99034 -0.022569 -0.13684 0.02328 0.99972 0.0035956 0.13672 -0.0067464 0.99059 -0.061235 0.0050345 1.0868
27 0.98982 -0.024615 -0.14016 0.025557 0.99966 0.0049246 0.13999 -0.0084565 0.99012 -0.067105 0.0054065 1.1291
28 0.98942 -0.023982 -0.1431 0.025234 0.99966 0.006941 0.14288 -0.010478 0.98968 -0.073824 0.0057423 1.1725
29 0.98918 -0.024009 -0.1447 0.025577 0.99963 0.0089866 0.14443 -0.01259 0.98943 -0.080579 0.0055767 1.2146
30 0.98904 -0.02301 -0.14583 0.024637 0.99965 0.0093615 0.14557 -0.012852 0.98926 -0.087175 0.0060573 1.2575
31 0.98909 -0.021958 -0.14568 0.023445 0.99969 0.0085008 0.14545 -0.011824 0.98929 -0.093453 0.0061963 1.298
32 0.98926 -0.021686 -0.14453 0.022723 0.99973 0.0055251 0.14437 -0.0087498 0.98949 -0.099795 0.0066371 1.3406
33 0.98954 -0.022305 -0.14256 0.023019 0.99973 0.0033656 0.14244 -0.006612 0.98978 -0.10563 0.0068055 1.3803
34 0.99001 -0.023762 -0.13902 0.024447 0.9997 0.0032193 0.1389 -0.0065857 0.99028 -0.11144 0.007373 1.4227
35 0.99063 -0.023383 -0.13456 0.024312 0.99969 0.0052659 0.1344 -0.008488 0.99089 -0.11732 0.0075854 1.4625
36 0.99116 -0.025089 -0.13024 0.026105 0.99964 0.006102 0.13004 -0.0094481 0.99146 -0.12278 0.0077329 1.504
37 0.99158 -0.025171 -0.12702 0.02616 0.99964 0.0061162 0.12682 -0.0093875 0.99188 -0.12798 0.007827 1.5439
38 0.99198 -0.028084 -0.12326 0.028709 0.99958 0.0032966 0.12311 -0.0068087 0.99237 -0.13336 0.0082845 1.5849
39 0.99227 -0.029003 -0.12069 0.029157 0.99957 -0.000487 0.12065 -0.0030358 0.99269 -0.13748 0.0081826 1.6229
40 0.99261 -0.02925 -0.11777 0.029215 0.99957 -0.0020265 0.11778 -0.0014292 0.99304 -0.14242 0.0081973 1.6636
41 0.99299 -0.02724 -0.115 0.027091 0.99963 -0.0028595 0.11503 -0.0002758 0.99336 -0.1474 0.0086196 1.7022
42 0.99333 -0.02713 -0.11205 0.027141 0.99963 -0.0014279 0.11204 -0.0016226 0.9937 -0.15244 0.0083839 1.7425
43 0.99363 -0.024277 -0.11004 0.024437 0.9997 0.0001048 0.11001 -0.0027932 0.99393 -0.15738 0.0083504 1.7817
44 0.994 -0.022336 -0.10708 0.022487 0.99975 0.0002058 0.10705 -0.0026125 0.99425 -0.16222 0.0082134 1.8217
45 0.99425 -0.019404 -0.10526 0.019511 0.99981 -6.7e-06 0.10524 -0.0020472 0.99444 -0.16645 0.0082316 1.859
46 0.99448 -0.019022 -0.10316 0.019119 0.99982 -4.81e-05 0.10314 -0.0019244 0.99467 -0.17072 0.008371 1.8987
47 0.99466 -0.018044 -0.10161 0.018176 0.99983 0.0003765 0.10159 -0.0022213 0.99482 -0.17444 0.0085483 1.9353
48 0.99486 -0.018354 -0.099554 0.018496 0.99983 0.0004984 0.099527 -0.0023372 0.99503 -0.1787 0.0083639 1.9745
49 0.99493 -0.018939 -0.09876 0.019011 0.99982 -0.0002076 0.098746 -0.0016709 0.99511 -0.18203 0.0086781 2.0115
50 0.99487 -0.021476 -0.098845 0.021456 0.99977 -0.0012691 0.09885 -0.0008583 0.9951 -0.18565 0.0088695 2.0505
51 0.99466 -0.023431 -0.10055 0.023372 0.99973 -0.0017633 0.10057 -0.0005962 0.99493 -0.1896 0.0088516 2.0881
52 0.99445 -0.023659 -0.10255 0.023644 0.99972 -0.0013693 0.10255 -0.0010629 0.99473 -0.19373 0.0089846 2.1273
53 0.9942 -0.02295 -0.10507 0.023023 0.99973 -0.0005246 0.10506 -0.0018975 0.99446 -0.1977 0.0093053 2.1656
54 0.994 -0.021953 -0.10716 0.022237 0.99975 0.0014545 0.1071 -0.0038286 0.99424 -0.20223 0.0095847 2.205
55 0.99385 -0.019251 -0.10905 0.019962 0.99979 0.0054346 0.10892 -0.007578 0.99402 -0.20747 0.0093445 2.2434
56 0.99362 -0.018507 -0.11124 0.019506 0.99978 0.0078961 0.11107 -0.010016 0.99376 -0.21211 0.009548 2.2826
57 0.99341 -0.017637 -0.11329 0.018768 0.99978 0.0089288 0.11311 -0.010996 0.99352 -0.21674 0.0099189 2.3201
58 0.99314 -0.016577 -0.11575 0.017629 0.99981 0.008076 0.1156 -0.010061 0.99325 -0.22125 0.010031 2.3584
59 0.99285 -0.018148 -0.11798 0.018864 0.99981 0.0049541 0.11787 -0.0071443 0.993 -0.22548 0.010637 2.3965
60 0.99258 -0.019606 -0.11999 0.019931 0.9998 0.0015048 0.11994 -0.0038852 0.99277 -0.2304 0.011025 2.4345
61 0.99225 -0.022107 -0.12231 0.022353 0.99975 0.0006438 0.12226 -0.0033728 0.99249 -0.23474 0.011421 2.4717
62 0.99199 -0.023563 -0.1241 0.023715 0.99972 -0.0002507 0.12407 -0.0026944 0.99227 -0.23982 0.011398 2.5097
63 0.99157 -0.025875 -0.12694 0.025909 0.99966 -0.0013853 0.12693 -0.0019153 0.99191 -0.24427 0.011305 2.5475
64 0.99113 -0.027283 -0.13005 0.027036 0.99963 -0.0036722 0.1301 0.0001236 0.9915 -0.24936 0.011799 2.5862
65 0.99063 -0.029159 -0.13341 0.028666 0.99957 -0.0056138 0.13352 0.0017369 0.99105 -0.25493 0.011499 2.6243
66 0.99016 -0.02977 -0.13673 0.029147 0.99955 -0.0065566 0.13687 0.0025066 0.99059 -0.26048 0.011643 2.6633
67 0.98972 -0.028956 -0.14008 0.028516 0.99958 -0.0051507 0.14017 0.0011032 0.99013 -0.26579 0.012561 2.7026
68 0.98939 -0.025604 -0.143 0.0255 0.99967 -0.0025554 0.14302 -0.0011183 0.98972 -0.2722 0.01225 2.7404
69 0.98899 -0.023331 -0.14614 0.023619 0.99972 0.0002313 0.14609 -0.0036803 0.98926 -0.27866 0.012007 2.7805
70 0.98855 -0.022546 -0.14921 0.023229 0.99973 0.0028343 0.14911 -0.0062679 0.9888 -0.28521 0.012259 2.8204
71 0.98802 -0.022922 -0.15263 0.023628 0.99972 0.0028074 0.15253 -0.0063801 0.98828 -0.29136 0.012444 2.8614
72 0.98764 -0.023068 -0.15506 0.023757 0.99971 0.0025902 0.15496 -0.006242 0.9879 -0.29799 0.01306 2.9023
73 0.98725 -0.02071 -0.15784 0.021206 0.99977 0.0014569 0.15778 -0.0047855 0.98746 -0.30496 0.013026 2.9411
74 0.98683 -0.019328 -0.16059 0.019688 0.99981 0.0006464 0.16054 -0.0037995 0.98702 -0.31191 0.013389 2.9826
75 0.98639 -0.021005 -0.16306 0.021236 0.99977 -0.0003282 0.16304 -0.0031391 0.98662 -0.31898 0.013634 3.023
76 0.98601 -0.022949 -0.16508 0.022997 0.99973 -0.0016176 0.16507 -0.0022014 0.98628 -0.32631 0.0139 3.0648
77 0.98567 -0.024853 -0.16685 0.024679 0.99969 -0.0031132 0.16688 -0.0010492 0.98598 -0.33345 0.014321 3.1079
78 0.98543 -0.023248 -0.16846 0.022912 0.99973 -0.0039424 0.16851 2.53e-05 0.9857 -0.34165 0.014707 3.1505
79 0.98509 -0.021826 -0.17063 0.02115 0.99976 -0.0057783 0.17072 0.0020833 0.98532 -0.34864 0.014969 3.1942
80 0.98491 -0.021657 -0.17171 0.020965 0.99976 -0.0058419 0.1718 0.0021537 0.98513 -0.35679 0.014944 3.2382
81 0.98462 -0.022796 -0.17319 0.022166 0.99974 -0.0055711 0.17327 0.0016466 0.98487 -0.36427 0.015141 3.284
82 0.98453 -0.022312 -0.1738 0.021858 0.99975 -0.0045296 0.17386 0.0006607 0.98477 -0.37244 0.014599 3.3303
83 0.98454 -0.021539 -0.17384 0.021349 0.99977 -0.0029656 0.17387 -0.0007916 0.98477 -0.38069 0.014735 3.3771
84 0.98469 -0.019688 -0.17318 0.019561 0.99981 -0.0024376 0.17319 -0.0009874 0.98489 -0.39072 0.015028 3.4247
85 0.98483 -0.020695 -0.17229 0.020526 0.99979 -0.0027612 0.17231 -0.0008172 0.98504 -0.39911 0.015404 3.4718
86 0.98497 -0.021866 -0.17136 0.021743 0.99976 -0.0025961 0.17137 -0.0011687 0.98521 -0.40806 0.01538 3.5199
87 0.98498 -0.025593 -0.17077 0.025341 0.99967 -0.0036545 0.17081 -0.0007278 0.9853 -0.4161 0.015688 3.5683
88 0.98502 -0.024882 -0.17062 0.024595 0.99969 -0.0037951 0.17066 -0.000458 0.98533 -0.42396 0.015493 3.6157
89 0.9851 -0.023916 -0.17032 0.023362 0.99971 -0.0052574 0.1704 0.0012 0.98537 -0.43227 0.015498 3.6633
90 0.98516 -0.025047 -0.16979 0.024663 0.99969 -0.0043751 0.16985 0.0001226 0.98547 -0.44034 0.015473 3.7102
91 0.98522 -0.026123 -0.1693 0.026188 0.99966 -0.0018503 0.16929 -0.0026106 0.98556 -0.44925 0.015839 3.7582
92 0.98519 -0.025915 -0.1695 0.026461 0.99965 0.00096 0.16942 -0.005431 0.98553 -0.4575 0.015892 3.8061
93 0.98511 -0.025255 -0.17007 0.025843 0.99967 0.001246 0.16999 -0.0056227 0.98543 -0.46579 0.016088 3.8536
94 0.98477 -0.025954 -0.17191 0.026352 0.99965 2.99e-05 0.17185 -0.0045595 0.98511 -0.47428 0.01645 3.901
95 0.98447 -0.028628 -0.1732 0.028906 0.99958 -0.0009159 0.17316 -0.0041049 0.98489 -0.48254 0.017121 3.9479
96 0.98415 -0.028032 -0.17509 0.028713 0.99959 0.0013562 0.17498 -0.0063621 0.98455 -0.49095 0.016836 3.9941
97 0.98386 -0.027939 -0.17673 0.028894 0.99958 0.0028334 0.17658 -0.0078941 0.98426 -0.5001 0.016834 4.0417
98 0.98332 -0.029556 -0.17946 0.030421 0.99953 0.0020649 0.17932 -0.0074898 0.98376 -0.50776 0.017525 4.0873
99 0.98295 -0.030301 -0.18134 0.031188 0.99951 0.002037 0.18119 -0.007658 0.98342 -0.51652 0.017891 4.1344
100 0.98272 -0.029093 -0.18281 0.029679 0.99956 0.0004673 0.18271 -0.0058846 0.98315 -0.52601 0.017277 4.1802
101 0.9825 -0.024811 -0.18461 0.02482 0.99969 -0.0022614 0.18461 -0.0023603 0.98281 -0.53557 0.017233 4.2266
102 0.98219 -0.028485 -0.18572 0.027975 0.99959 -0.0053658 0.1858 7.46e-05 0.98259 -0.54439 0.017613 4.2718
103 0.9817 -0.029776 -0.18808 0.028947 0.99956 -0.0071555 0.18821 0.0015801 0.98213 -0.55317 0.01812 4.3178
104 0.98177 -0.02841 -0.18796 0.027921 0.9996 -0.0052465 0.18803 -9.72e-05 0.98216 -0.56181 0.017356 4.3606
105 0.98142 -0.026892 -0.18999 0.027175 0.99963 -0.0011181 0.18995 -0.0040655 0.98179 -0.57024 0.017213 4.4037
106 0.98097 -0.02848 -0.19205 0.0291 0.99958 0.0004079 0.19196 -0.0059887 0.98138 -0.57872 0.016174 4.4475
107 0.98087 -0.027699 -0.1927 0.028284 0.9996 0.000282 0.19261 -0.0057268 0.98126 -0.58782 0.016672 4.492
108 0.98077 -0.027266 -0.19328 0.027591 0.99962 -0.0010129 0.19323 -0.0043392 0.98114 -0.59634 0.016242 4.5339
109 0.98083 -0.024169 -0.19336 0.024461 0.9997 -0.0008779 0.19333 -0.0038687 0.98113 -0.60527 0.016199 4.5783
110 0.98087 -0.020795 -0.19354 0.020857 0.99978 -0.0017145 0.19353 -0.002355 0.98109 -0.61376 0.016812 4.6221
111 0.98128 -0.015878 -0.19193 0.016279 0.99987 0.0005152 0.1919 -0.0036302 0.98141 -0.62262 0.017205 4.6637
112 0.98152 -0.014629 -0.19081 0.015434 0.99988 0.0027336 0.19074 -0.005628 0.98162 -0.63052 0.017545 4.7045
113 0.98204 -0.012484 -0.18825 0.01403 0.99988 0.0068796 0.18814 -0.0093971 0.9821 -0.63818 0.017707 4.7457
114 0.98306 -0.0087736 -0.1831 0.010807 0.99989 0.01011 0.18299 -0.011917 0.98304 -0.64685 0.017602 4.7866
115 0.98414 -0.0086042 -0.17717 0.01073 0.99988 0.011042 0.17705 -0.012768 0.98412 -0.6547 0.017306 4.8296
116 0.98524 -0.0097472 -0.17091 0.011464 0.99989 0.0090608 0.1708 -0.010886 0.98525 -0.66219 0.018588 4.8724
117 0.98645 -0.011304 -0.16367 0.012351 0.99991 0.005381 0.1636 -0.0073296 0.9865 -0.66836 0.018523 4.9126
118 0.98778 -0.014469 -0.1552 0.014532 0.99989 -0.000729 0.15519 -0.0015353 0.98788 -0.6736 0.01866 4.9505
119 0.98925 -0.013634 -0.14558 0.012921 0.9999 -0.0058381 0.14565 0.0038942 0.98933 -0.67946 0.018417 4.9891
120 0.99103 -0.010957 -0.13318 0.0098641 0.99991 -0.0088631 0.13327 0.0074699 0.99105 -0.68473 0.018319 5.026
121 0.99278 -0.011885 -0.11934 0.01111 0.99991 -0.0071564 0.11942 0.0057788 0.99283 -0.68931 0.018885 5.0631
122 0.99418 -0.015909 -0.10652 0.015726 0.99987 -0.0025521 0.10655 0.0008621 0.99431 -0.69225 0.018971 5.1014
123 0.99566 -0.017262 -0.091467 0.017457 0.99985 0.0013357 0.09143 -0.0029266 0.99581 -0.69577 0.018853 5.1382
124 0.99699 -0.015894 -0.075856 0.01619 0.99986 0.0032926 0.075793 -0.0045108 0.99711 -0.69781 0.01867 5.173
125 0.99815 -0.013326 -0.059392 0.013503 0.99991 0.0025847 0.059352 -0.0033818 0.99823 -0.70015 0.019176 5.2088
126 0.99911 -0.012652 -0.040318 0.012673 0.99992 0.0002683 0.040312 -0.000779 0.99919 -0.70147 0.019079 5.2438
127 0.99976 -0.011257 -0.018628 0.011215 0.99993 -0.0023355 0.018653 0.0021261 0.99982 -0.70199 0.019404 5.2786
128 0.99993 -0.0098125 0.005887 0.0098348 0.99994 -0.0037696 -0.0058497 0.0038272 0.99998 -0.70138 0.018932 5.3135
129 0.9994 -0.0066875 0.03389 0.0068353 0.99997 -0.0042473 -0.03386 0.0044764 0.99942 -0.69987 0.019043 5.3495
130 0.99791 -0.0045319 0.064417 0.0048673 0.99998 -0.0050495 -0.064393 0.0053525 0.99791 -0.69687 0.019047 5.3845
131 0.99531 -0.0034592 0.09672 0.0038706 0.99998 -0.0040667 -0.096705 0.0044219 0.9953 -0.69278 0.019108 5.4173
132 0.99145 -0.0030195 0.13044 0.0033993 0.99999 -0.0026892 -0.13043 0.0031096 0.99145 -0.68732 0.019168 5.4534
133 0.98636 -0.0035504 0.16458 0.0039113 0.99999 -0.0018689 -0.16457 0.0024871 0.98636 -0.68087 0.018506 5.4875
134 0.98005 -0.0055042 0.19866 0.0060039 0.99998 -0.001913 -0.19865 0.0030676 0.98007 -0.67304 0.018589 5.5216
135 0.97247 -0.0059957 0.23297 0.0065207 0.99998 -0.0014835 -0.23295 0.0029617 0.97248 -0.66466 0.018371 5.5543
136 0.96338 -0.0047445 0.2681 0.0054741 0.99998 -0.0019742 -0.26809 0.0033696 0.96339 -0.6543 0.018355 5.5872
137 0.95288 -0.0025028 0.30332 0.0036611 0.99999 -0.0032501 -0.30331 0.0042075 0.95288 -0.64296 0.0185 5.6195
138 0.94097 -0.0022798 0.33849 0.0039008 0.99998 -0.0041087 -0.33847 0.0051865 0.94096 -0.63062 0.018152 5.6512
139 0.92783 -0.0039234 0.37297 0.0060685 0.99997 -0.0045774 -0.37294 0.0065104 0.92783 -0.61593 0.018404 5.6842
140 0.91309 -0.0055274 0.40772 0.0080785 0.99996 -0.0045356 -0.40768 0.0074352 0.91309 -0.60062 0.018587 5.7166
141 0.89695 -0.005469 0.4421 0.0084843 0.99995 -0.0048433 -0.44206 0.0080951 0.89695 -0.58352 0.018268 5.7489
142 0.87921 -0.0036093 0.47641 0.0074164 0.99995 -0.0061112 -0.47637 0.0089063 0.8792 -0.56552 0.018381 5.7805
143 0.86011 -0.0028742 0.5101 0.0075814 0.99995 -0.0071493 -0.51005 0.010016 0.86009 -0.54706 0.017702 5.8111
144 0.83978 -0.0041754 0.54291 0.010484 0.99991 -0.0085272 -0.54282 0.012853 0.83975 -0.52571 0.017931 5.8416
145 0.81819 -0.0053365 0.57493 0.013704 0.99985 -0.010221 -0.57479 0.016242 0.81814 -0.50338 0.017796 5.8704
146 0.79501 -0.0040409 0.60658 0.014101 0.99983 -0.01182 -0.60643 0.01795 0.79493 -0.48063 0.017417 5.9001
147 0.77095 -0.0046712 0.63688 0.015027 0.99983 -0.010857 -0.63671 0.01794 0.77089 -0.45488 0.017303 5.9281
148 0.74607 -0.0052001 0.66585 0.015298 0.99984 -0.0093331 -0.66569 0.01715 0.74603 -0.42997 0.016779 5.9549
149 0.72035 -0.0073924 0.69357 0.018729 0.99979 -0.0087964 -0.69336 0.019327 0.72034 -0.40176 0.016719 5.9831
150 0.69448 -0.0085526 0.71946 0.021292 0.99974 -0.0086682 -0.71919 0.021338 0.69448 -0.37281 0.016775 6.0088
151 0.66806 -0.0068643 0.74408 0.02267 0.99968 -0.011131 -0.74376 0.024304 0.668 -0.34297 0.016662 6.035
152 0.64348 -0.0036258 0.76545 0.023537 0.99961 -0.015051 -0.7651 0.027702 0.64331 -0.31177 0.016426 6.061
153 0.62074 3.74e-05 0.78402 0.024766 0.9995 -0.019656 -0.78363 0.031619 0.62043 -0.27976 0.016131 6.087
154 0.60149 0.0023294 0.79888 0.027353 0.99935 -0.023509 -0.79841 0.035992 0.60104 -0.24604 0.015507 6.1106
155 0.58512 0.0014777 0.81094 0.030651 0.99924 -0.023936 -0.81037 0.038862 0.58463 -0.21326 0.014814 6.1342
156 0.57161 -0.0004047 0.82052 0.03242 0.99923 -0.022092 -0.81988 0.03923 0.57118 -0.1751 0.014532 6.1599
157 0.56132 -0.0008939 0.8276 0.030388 0.99935 -0.019532 -0.82704 0.036113 0.56098 -0.14002 0.014481 6.1831
158 0.55265 -0.0031199 0.83341 0.029395 0.99944 -0.015751 -0.83289 0.033203 0.55244 -0.10175 0.0137 6.2088
159 0.54636 -0.0025799 0.83755 0.028209 0.99948 -0.015323 -0.83708 0.031998 0.54615 -0.063912 0.013182 6.2326
160 0.54162 -0.0011862 0.84062 0.028109 0.99947 -0.016701 -0.84015 0.032675 0.54136 -0.02486 0.012956 6.2588
161 0.53869 -0.0021155 0.8425 0.029672 0.99942 -0.016463 -0.84198 0.033867 0.53845 0.012967 0.012159 6.2827
162 0.53681 -0.0012836 0.8437 0.030727 0.99937 -0.01803 -0.84314 0.035603 0.53651 0.054485 0.011992 6.3088
163 0.53488 -0.0024967 0.84492 0.032558 0.99931 -0.017658 -0.8443 0.036954 0.53459 0.093538 0.010727 6.3348
164 0.53393 -0.0019863 0.84552 0.031891 0.99933 -0.017791 -0.84493 0.036464 0.53364 0.13524 0.010612 6.3608
165 0.53282 -0.0011576 0.84623 0.031826 0.99932 -0.018672 -0.84563 0.036881 0.5325 0.17706 0.010201 6.3871
166 0.53174 -0.0006093 0.8469 0.031457 0.99932 -0.019032 -0.84632 0.036761 0.5314 0.22026 0.0097259 6.4147
167 0.53056 8.38e-05 0.84765 0.032189 0.99928 -0.020247 -0.84704 0.038027 0.53017 0.26281 0.0092746 6.4417
168 0.52898 0.000668 0.84863 0.031802 0.99928 -0.020609 -0.84804 0.03789 0.52858 0.30545 0.0085507 6.4689
169 0.52778 7.61e-05 0.84938 0.032157 0.99928 -0.020071 -0.84877 0.037907 0.52739 0.34832 0.007691 6.4951
170 0.52666 0.0005687 0.85008 0.031876 0.99928 -0.020417 -0.84948 0.03785 0.52626 0.39297 0.0077689 6.5229
171 0.52578 -0.0006745 0.85062 0.03212 0.9993 -0.019061 -0.85001 0.037344 0.52544 0.43809 0.0075101 6.55
172 0.52406 -0.0036154 0.85167 0.032004 0.99937 -0.015451 -0.85108 0.035354 0.52384 0.48273 0.0058514 6.5783
173 0.52177 -0.0053968 0.85307 0.031278 0.99943 -0.012808 -0.85251 0.033365 0.52164 0.52664 0.0054362 6.606
174 0.51933 -0.0069128 0.85454 0.032621 0.9994 -0.01174 -0.85395 0.033973 0.51925 0.57158 0.0051521 6.6331
175 0.51654 -0.0063322 0.85624 0.030855 0.99946 -0.011222 -0.8557 0.032216 0.51646 0.61581 0.0047683 6.6609
176 0.51452 -0.0062083 0.85745 0.031464 0.99944 -0.011644 -0.8569 0.03297 0.51443 0.66027 0.0045648 6.687
177 0.51198 -0.0065382 0.85897 0.031066 0.99946 -0.010909 -0.85844 0.03227 0.5119 0.70431 0.0035999 6.7138
178 0.50961 -0.0060271 0.86039 0.032153 0.99941 -0.012043 -0.85981 0.033801 0.5095 0.74942 0.0035524 6.7397
179 0.50609 -0.0051771 0.86246 0.03185 0.99941 -0.01269 -0.86189 0.033892 0.50596 0.79393 0.0025129 6.7657
180 0.50275 -0.0046367 0.86442 0.031389 0.99942 -0.012895 -0.86386 0.033617 0.50261 0.83715 0.0013696 6.7912
181 0.49872 -0.0027201 0.86676 0.029265 0.99948 -0.013702 -0.86627 0.032199 0.49854 0.88142 0.0011423 6.8176
182 0.49519 -0.0018675 0.86879 0.029335 0.99946 -0.014572 -0.86829 0.032701 0.49497 0.92568 0.0003254 6.8426
183 0.49138 -0.0005843 0.87094 0.029414 0.99944 -0.015925 -0.87045 0.033444 0.49112 0.96984 -9e-07 6.8674
184 0.48744 -0.000802 0.87316 0.029562 0.99944 -0.015585 -0.87266 0.033409 0.48719 1.013 -0.0011432 6.8913
185 0.48306 -0.0030046 0.87558 0.030906 0.99943 -0.013621 -0.87504 0.033641 0.48288 1.0573 -0.0017582 6.9163
186 0.47904 -0.0058365 0.87777 0.03088 0.99947 -0.010207 -0.87725 0.031995 0.47897 1.1014 -0.002685 6.9401
187 0.47488 -0.006507 0.88003 0.030447 0.9995 -0.0090391 -0.87952 0.031086 0.47484 1.144 -0.0030006 6.9633
188 0.4701 -0.0039104 0.88261 0.028731 0.99953 -0.010874 -0.88215 0.03047 0.46999 1.1885 -0.0033772 6.9872
189 0.46484 -0.0023733 0.88539 0.029006 0.9995 -0.012549 -0.88492 0.031515 0.46467 1.2314 -0.0040234 7.0092
190 0.45921 -0.0025467 0.88833 0.02967 0.99948 -0.012472 -0.88783 0.032084 0.45904 1.2752 -0.0050969 7.0325
191 0.45344 -0.0042787 0.89128 0.030504 0.99948 -0.010721 -0.89077 0.032049 0.45333 1.3197 -0.0058799 7.0541
192 0.4477 -0.0054216 0.89417 0.028879 0.99955 -0.008399 -0.89372 0.029583 0.44766 1.3622 -0.0065947 7.0763
193 0.4428 -0.005162 0.89661 0.028809 0.99955 -0.008473 -0.89616 0.029582 0.44275 1.406 -0.0060524 7.097
194 0.43715 -0.0048751 0.89938 0.030367 0.9995 -0.0093421 -0.89888 0.031395 0.43707 1.4479 -0.0069789 7.1169
195 0.43125 -0.0034586 0.90223 0.030663 0.99947 -0.010825 -0.90171 0.032333 0.43113 1.4925 -0.0072946 7.1373
196 0.42392 -0.0017076 0.9057 0.030856 0.99944 -0.012558 -0.90518 0.03327 0.42373 1.5361 -0.0080208 7.1584
197 0.41505 0.0005424 0.9098 0.029131 0.99948 -0.013885 -0.90933 0.032266 0.41482 1.5803 -0.0079774 7.1792
198 0.40474 0.0013658 0.91443 0.028584 0.99949 -0.014145 -0.91398 0.031864 0.4045 1.6241 -0.0087351 7.199
199 0.39389 0.0008825 0.91916 0.02772 0.99953 -0.012839 -0.91874 0.030536 0.39368 1.6697 -0.0089751 7.2182
200 0.38247 0.000501 0.92397 0.028366 0.99952 -0.012284 -0.92353 0.030907 0.38227 1.7142 -0.0093125 7.235
201 0.36952 0.0004825 0.92922 0.02937 0.99949 -0.012198 -0.92876 0.031799 0.36932 1.7598 -0.0096215 7.2529
202 0.35543 0.0012573 0.9347 0.028201 0.99953 -0.012068 -0.93428 0.030649 0.35523 1.8069 -0.0092872 7.2709
203 0.34006 0.0022357 0.9404 0.026726 0.99957 -0.012041 -0.94002 0.029228 0.33986 1.8538 -0.010103 7.2883
204 0.3247 0.0037302 0.94581 0.025367 0.9996 -0.012651 -0.94548 0.0281 0.32448 1.8988 -0.010717 7.3037
205 0.30873 0.0059341 0.95113 0.025144 0.99958 -0.014398 -0.95082 0.028361 0.30845 1.9465 -0.010984 7.3182
206 0.29198 0.0086826 0.95639 0.024786 0.99955 -0.016642 -0.9561 0.028564 0.29163 1.9934 -0.011521 7.3331
207 0.27587 0.012618 0.96111 0.024982 0.99948 -0.020292 -0.96087 0.029608 0.27541 2.04 -0.012479 7.3465
208 0.25934 0.016304 0.96565 0.02489 0.99941 -0.023558 -0.96546 0.030144 0.25878 2.0924 -0.012614 7.3614
209 0.24315 0.019076 0.9698 0.024105 0.99938 -0.025702 -0.96969 0.029626 0.24253 2.1402 -0.013338 7.374
210 0.2278 0.017152 0.97356 0.024887 0.99942 -0.023431 -0.97339 0.029566 0.22724 2.1891 -0.014705 7.3851
211 0.21475 0.014222 0.97656 0.025081 0.99948 -0.020071 -0.97635 0.028803 0.21429 2.2384 -0.015382 7.3948
212 0.20398 0.011203 0.97891 0.028195 0.99945 -0.017314 -0.97857 0.031132 0.20355 2.2875 -0.015702 7.4044
213 0.19495 0.010411 0.98076 0.031388 0.99937 -0.016848 -0.98031 0.034069 0.1945 2.3365 -0.016631 7.4135
214 0.18704 0.012292 0.98228 0.031654 0.99933 -0.018533 -0.98184 0.03456 0.18652 2.3873 -0.017218 7.4233
215 0.17937 0.015173 0.98366 0.031813 0.99927 -0.021215 -0.98327 0.035099 0.17876 2.4361 -0.017873 7.4319
216 0.17241 0.018135 0.98486 0.031747 0.99921 -0.023956 -0.98451 0.035396 0.17169 2.4865 -0.019 7.4415
217 0.16728 0.019534 0.98572 0.033103 0.99913 -0.025417 -0.98535 0.036882 0.16649 2.5376 -0.020012 7.4495
218 0.16353 0.019217 0.98635 0.034433 0.99909 -0.025174 -0.98594 0.03808 0.16272 2.5881 -0.02128 7.4585
219 0.16145 0.016979 0.98673 0.034755 0.99913 -0.022878 -0.98627 0.037987 0.16072 2.6376 -0.022663 7.4669
220 0.1605 0.015258 0.98692 0.033939 0.9992 -0.020967 -0.98645 0.03686 0.15986 2.6877 -0.022912 7.4739
221 0.15997 0.014058 0.98702 0.033774 0.99924 -0.019706 -0.98654 0.036488 0.15937 2.7377 -0.023885 7.4817
222 0.15991 0.014516 0.98702 0.034316 0.99921 -0.020255 -0.98653 0.03711 0.15929 2.7871 -0.025069 7.4903
223 0.16068 0.01593 0.98688 0.034197 0.99918 -0.021697 -0.98641 0.037234 0.16 2.8382 -0.02555 7.498
224 0.16173 0.016848 0.98669 0.034712 0.99914 -0.02275 -0.98623 0.037929 0.161 2.8883 -0.026202 7.5063
225 0.16284 0.017068 0.9865 0.033708 0.99917 -0.022851 -0.98608 0.036974 0.16213 2.9384 -0.027537 7.5144
226 0.16356 0.017203 0.98638 0.034333 0.99914 -0.023118 -0.98594 0.037647 0.16283 2.989 -0.028778 7.5231
227 0.1653 0.016192 0.98611 0.035714 0.99911 -0.022392 -0.9856 0.038919 0.16458 3.0377 -0.031314 7.5319
228 0.16688 0.016829 0.98583 0.034702 0.99913 -0.02293 -0.98537 0.038036 0.16615 3.0876 -0.031573 7.5409
229 0.16841 0.015993 0.98559 0.036366 0.99909 -0.022426 -0.98505 0.039619 0.16768 3.1362 -0.032641 7.5503
230 0.17077 0.014879 0.9852 0.037732 0.99905 -0.021628 -0.98459 0.040867 0.17005 3.1851 -0.034112 7.5589
231 0.17212 0.013575 0.98498 0.038461 0.99905 -0.020489 -0.98433 0.04141 0.17143 3.2363 -0.03481 7.5678
232 0.1745 0.011695 0.98459 0.039656 0.99903 -0.018895 -0.98386 0.042342 0.17387 3.286 -0.03567 7.575
233 0.17639 0.010765 0.98426 0.040302 0.99902 -0.018149 -0.98349 0.042869 0.17579 3.3361 -0.036012 7.5841
234 0.17821 0.012138 0.98392 0.042058 0.99892 -0.01994 -0.98309 0.044935 0.17751 3.385 -0.036956 7.5932
235 0.17951 0.015472 0.98363 0.042469 0.99882 -0.023462 -0.98284 0.045986 0.17864 3.4362 -0.037891 7.6019
236 0.18091 0.019369 0.98331 0.043922 0.99865 -0.027752 -0.98252 0.048209 0.17981 3.485 -0.038661 7.6106
237 0.18126 0.021559 0.9832 0.042578 0.99865 -0.029747 -0.98251 0.047254 0.18009 3.5316 -0.039794 7.6195
238 0.18145 0.021202 0.98317 0.041562 0.99871 -0.029208 -0.98252 0.046162 0.18033 3.5808 -0.041122 7.6282
239 0.17952 0.018717 0.98358 0.040714 0.99882 -0.026438 -0.98291 0.044792 0.17855 3.6284 -0.042435 7.6375
240 0.17719 0.016093 0.98405 0.041235 0.99887 -0.02376 -0.98331 0.044788 0.17632 3.6762 -0.043613 7.6463
241 0.17424 0.013442 0.98461 0.040982 0.99894 -0.020891 -0.98385 0.043992 0.17351 3.7253 -0.044824 7.6545
242 0.16968 0.012666 0.98542 0.039779 0.99901 -0.01969 -0.9847 0.04254 0.16901 3.7754 -0.045407 7.6629
243 0.16339 0.010876 0.9865 0.035426 0.99923 -0.016884 -0.98593 0.037707 0.16287 3.8236 -0.047315 7.6716
244 0.15421 0.0076582 0.98801 0.036886 0.99923 -0.013502 -0.98735 0.038526 0.15381 3.8739 -0.047597 7.6802
245 0.14481 0.006343 0.98944 0.037826 0.99921 -0.011942 -0.98874 0.039156 0.14445 3.9221 -0.048713 7.6871
246 0.13551 0.0098763 0.99073 0.038444 0.99914 -0.015219 -0.99003 0.04015 0.13502 3.9714 -0.049619 7.6928
247 0.12656 0.017093 0.99181 0.038471 0.99901 -0.022127 -0.99121 0.040956 0.12578 4.0176 -0.050901 7.6988
248 0.11843 0.023654 0.99268 0.040028 0.99879 -0.028575 -0.99215 0.043119 0.11734 4.0638 -0.051869 7.7043
249 0.11032 0.025293 0.99357 0.042403 0.99865 -0.030131 -0.99299 0.045455 0.1091 4.1122 -0.052589 7.7094
250 0.10251 0.024238 0.99444 0.042678 0.99868 -0.028741 -0.99382 0.045387 0.10134 4.1588 -0.053971 7.7143
251 0.095563 0.022629 0.99517 0.042601 0.99873 -0.026801 -0.99451 0.044956 0.094478 4.2055 -0.055086 7.7186
252 0.088833 0.021692 0.99581 0.041338 0.99882 -0.025445 -0.99519 0.043425 0.087831 4.2516 -0.056593 7.7225
253 0.082731 0.022009 0.99633 0.040404 0.99886 -0.02542 -0.99575 0.042358 0.081747 4.2976 -0.058169 7.7267
254 0.077485 0.02316 0.99672 0.03871 0.99891 -0.02622 -0.99624 0.040615 0.076503 4.3441 -0.059007 7.731
255 0.074501 0.023736 0.99694 0.039062 0.99888 -0.026701 -0.99646 0.040931 0.07349 4.3897 -0.059972 7.7341
256 0.071988 0.025044 0.99709 0.037278 0.99892 -0.027781 -0.99671 0.03917 0.070976 4.433 -0.060808 7.7382
257 0.070407 0.024642 0.99721 0.036421 0.99896 -0.027256 -0.99685 0.038238 0.069436 4.4768 -0.062797 7.7416
258 0.069204 0.023947 0.99732 0.034909 0.99904 -0.02641 -0.99699 0.036643 0.068302 4.5204 -0.063652 7.745
259 0.067328 0.023658 0.99745 0.032973 0.99912 -0.025924 -0.99719 0.034634 0.066488 4.5638 -0.064719 7.7482
260 0.065851 0.022678 0.99757 0.031759 0.99919 -0.024811 -0.99732 0.033316 0.065077 4.6066 -0.065787 7.7513
261 0.064658 0.021914 0.99767 0.030128 0.99926 -0.023902 -0.99745 0.031603 0.06395 4.6494 -0.067261 7.7543
262 0.063765 0.021678 0.99773 0.029113 0.9993 -0.023573 -0.99754 0.03055 0.063089 4.6927 -0.068159 7.7564
263 0.06266 0.021307 0.99781 0.027359 0.99936 -0.023058 -0.99766 0.028744 0.062036 4.735 -0.068892 7.7593
264 0.062067 0.021988 0.99783 0.027724 0.99933 -0.023746 -0.99769 0.029138 0.061416 4.776 -0.069658 7.7618
265 0.062785 0.022521 0.99777 0.028485 0.9993 -0.024348 -0.99762 0.02995 0.062099 4.8186 -0.070873 7.7647
266 0.064054 0.023168 0.99768 0.028437 0.99928 -0.025031 -0.99754 0.029974 0.063349 4.8593 -0.071774 7.7675
267 0.066036 0.023544 0.99754 0.026608 0.99932 -0.025348 -0.99746 0.028217 0.065365 4.8997 -0.072748 7.7703
268 0.06767 0.022877 0.99745 0.025759 0.99936 -0.024669 -0.99738 0.027362 0.067037 4.9396 -0.073663 7.7733
269 0.0692 0.021432 0.99737 0.025055 0.99942 -0.023214 -0.99729 0.026596 0.068623 4.9829 -0.074769 7.778
270 0.07147 0.020841 0.99722 0.024052 0.99945 -0.022611 -0.99715 0.025601 0.07093 5.0228 -0.075776 7.7809
271 0.074663 0.019844 0.99701 0.023026 0.9995 -0.021618 -0.99694 0.024571 0.074169 5.0631 -0.077095 7.7836
272 0.077111 0.019361 0.99683 0.021871 0.99954 -0.021105 -0.99678 0.023429 0.076652 5.1022 -0.077839 7.7872
273 0.079929 0.019758 0.9966 0.020336 0.99956 -0.021447 -0.99659 0.021981 0.079493 5.1406 -0.078276 7.7906
274 0.082918 0.019797 0.99636 0.019749 0.99957 -0.021505 -0.99636 0.021461 0.082492 5.1793 -0.079344 7.7941
275 0.085537 0.019465 0.99614 0.017636 0.99962 -0.021048 -0.99618 0.019368 0.085161 5.2169 -0.079761 7.7979
276 0.088133 0.019354 0.99592 0.016235 0.99965 -0.020863 -0.99598 0.018008 0.087788 5.2552 -0.080462 7.8015
277 0.091121 0.019454 0.99565 0.015496 0.99966 -0.020951 -0.99572 0.017337 0.090789 5.2931 -0.081364 7.8049
278 0.09288 0.019662 0.99548 0.015593 0.99965 -0.0212 -0.99556 0.017492 0.092541 5.328 -0.081938 7.809
279 0.09548 0.019943 0.99523 0.015802 0.99964 -0.021547 -0.99531 0.017784 0.095131 5.3651 -0.082823 7.8124
280 0.097096 0.021309 0.99505 0.015324 0.99962 -0.022903 -0.99516 0.017472 0.096732 5.4005 -0.083408 7.8164
281 0.098568 0.022542 0.99487 0.015255 0.99959 -0.02416 -0.99501 0.017558 0.098184 5.4366 -0.084404 7.8202
282 0.099722 0.024359 0.99472 0.013914 0.99957 -0.025873 -0.99492 0.01642 0.09934 5.4729 -0.085146 7.824
283 0.10132 0.025605 0.99452 0.01363 0.99954 -0.027123 -0.99476 0.016304 0.10093 5.5087 -0.085821 7.8277
284 0.10265 0.02606 0.99438 0.014045 0.99952 -0.027645 -0.99462 0.016803 0.10223 5.5445 -0.086546 7.8318
285 0.10435 0.025384 0.99422 0.015203 0.99952 -0.027116 -0.99442 0.017944 0.10392 5.5794 -0.087695 7.835
286 0.10573 0.025463 0.99407 0.015102 0.99952 -0.027209 -0.99428 0.017889 0.1053 5.616 -0.08868 7.8394
287 0.10712 0.024901 0.99393 0.014166 0.99955 -0.026569 -0.99415 0.016926 0.10672 5.6493 -0.090034 7.843
288 0.10832 0.024271 0.99382 0.013744 0.99957 -0.02591 -0.99402 0.016465 0.10794 5.686 -0.090599 7.8473
289 0.10975 0.024993 0.99365 0.012075 0.99958 -0.026476 -0.99389 0.014904 0.1094 5.7197 -0.091466 7.851
290 0.11072 0.026606 0.9935 0.0098489 0.99956 -0.027866 -0.9938 0.01287 0.11041 5.7547 -0.092372 7.8557
291 0.11085 0.027552 0.99345 0.0077616 0.99956 -0.028588 -0.99381 0.01088 0.11059 5.7875 -0.093181 7.8601
292 0.11035 0.026959 0.99353 0.0069519 0.99959 -0.027896 -0.99387 0.0099853 0.11012 5.82 -0.094162 7.8639
293 0.10928 0.025796 0.99368 0.0060145 0.99963 -0.026611 -0.99399 0.0088845 0.10908 5.8518 -0.094829 7.8675
294 0.10745 0.02488 0.9939 0.0039887 0.99967 -0.025455 -0.9942 0.0066996 0.10731 5.8843 -0.09562 7.8711
295 0.10434 0.023546 0.99426 0.0015558 0.99971 -0.023839 -0.99454 0.0040342 0.10427 5.9132 -0.096502 7.8742
296 0.10045 0.021479 0.99471 0.0006052 0.99977 -0.021649 -0.99494 0.0027766 0.10041 5.9444 -0.097115 7.8776
297 0.095292 0.019186 0.99526 0.0005384 0.99981 -0.019326 -0.99545 0.0023774 0.095264 5.9717 -0.098061 7.8805
298 0.089316 0.017333 0.99585 0.0001263 0.99985 -0.017414 -0.996 0.0016811 0.0893 5.9975 -0.098518 7.8826
299 0.082212 0.016305 0.99648 -0.0001667 0.99987 -0.016347 -0.99661 0.0011778 0.082204 6.0234 -0.099298 7.8847
300 0.074034 0.015808 0.99713 -0.001813 0.99987 -0.015717 -0.99725 -0.0006443 0.074053 6.0468 -0.09975 7.8864
301 0.065212 0.016176 0.99774 -0.0029597 0.99987 -0.016017 -0.99787 -0.0019085 0.065251 6.0687 -0.099765 7.8878
302 0.05607 0.01586 0.9983 -0.0032941 0.99987 -0.0157 -0.99842 -0.0024083 0.056115 6.0888 -0.10045 7.889
303 0.046731 0.016321 0.99877 -0.0028369 0.99986 -0.016206 -0.9989 -0.0020761 0.046771 6.1079 -0.10087 7.8896
304 0.03701 0.019147 0.99913 -0.0023912 0.99982 -0.019072 -0.99931 -0.0016833 0.037049 6.1265 -0.10115 7.8896
305 0.026514 0.022304 0.9994 -0.0028711 0.99975 -0.022235 -0.99964 -0.0022798 0.026571 6.1441 -0.10162 7.8897
306 0.015201 0.023967 0.9996 -0.0034003 0.99971 -0.023918 -0.99988 -0.0030354 0.015278 6.1615 -0.1022 7.8897
307 0.0025121 0.02412 0.99971 -0.0034716 0.9997 -0.024111 -0.99999 -0.00341 0.0025951 6.1789 -0.10233 7.8893
308 -0.010665 0.024053 0.99965 -0.0030408 0.99971 -0.024087 -0.99994 -0.0032967 -0.010588 6.196 -0.10268 7.8884
309 -0.02468 0.02444 0.9994 -0.002735 0.9997 -0.024515 -0.99969 -0.0033384 -0.024605 6.2134 -0.10279 7.8874
310 -0.039966 0.024921 0.99889 -0.0022919 0.99968 -0.025032 -0.9992 -0.0032898 -0.039896 6.2299 -0.10303 7.8861
311 -0.056297 0.024985 0.9981 -0.0031599 0.99968 -0.025202 -0.99841 -0.0045727 -0.0562 6.2463 -0.10355 7.8847
312 -0.073375 0.026548 0.99695 -0.0044487 0.99963 -0.026947 -0.99729 -0.0064123 -0.073229 6.2642 -0.10403 7.8827
313 -0.092226 0.028452 0.99533 -0.0064947 0.99955 -0.029174 -0.99572 -0.009155 -0.092 6.2809 -0.10423 7.8807
314 -0.11242 0.030028 0.99321 -0.006861 0.9995 -0.030994 -0.99364 -0.010299 -0.11216 6.298 -0.1047 7.8781
315 -0.13424 0.031298 0.99045 -0.007492 0.99944 -0.032597 -0.99092 -0.011796 -0.13393 6.3174 -0.10519 7.8754
316 -0.1575 0.032062 0.987 -0.0089596 0.99939 -0.033894 -0.98748 -0.014181 -0.15712 6.336 -0.10562 7.8715
317 -0.18297 0.032424 0.98258 -0.0097269 0.99935 -0.034789 -0.98307 -0.015923 -0.18254 6.3572 -0.10599 7.8668
318 -0.21105 0.030776 0.97699 -0.011025 0.99937 -0.033863 -0.97741 -0.017918 -0.21058 6.3772 -0.10694 7.8614
319 -0.24137 0.029203 0.96999 -0.012962 0.99936 -0.033312 -0.97035 -0.020613 -0.24083 6.3981 -0.10703 7.8551
320 -0.27413 0.028267 0.96128 -0.014529 0.99933 -0.033529 -0.96158 -0.023158 -0.27353 6.4214 -0.10752 7.8481
321 -0.30857 0.029673 0.95074 -0.014934 0.99924 -0.036033 -0.95108 -0.025317 -0.30789 6.4435 -0.10817 7.8398
322 -0.34302 0.030734 0.93883 -0.014428 0.99917 -0.037982 -0.93922 -0.026574 -0.34229 6.4673 -0.10903 7.8294
323 -0.37897 0.031286 0.92488 -0.012497 0.99916 -0.03892 -0.92533 -0.026308 -0.37826 6.4912 -0.10952 7.8182
324 -0.41519 0.03025 0.90923 -0.012176 0.99917 -0.038803 -0.90965 -0.027182 -0.41448 6.5144 -0.11075 7.8055
325 -0.45268 0.029346 0.89119 -0.011606 0.99918 -0.038797 -0.8916 -0.027906 -0.45197 6.5389 -0.11114 7.792
326 -0.48987 0.030997 0.87124 -0.0083087 0.99916 -0.04022 -0.87175 -0.026942 -0.4892 6.5628 -0.11166 7.7769
327 -0.52621 0.03086 0.8498 -0.0055252 0.9992 -0.039706 -0.85034 -0.025589 -0.52562 6.5874 -0.11314 7.7597
328 -0.56301 0.02875 0.82595 -0.0045619 0.99927 -0.037893 -0.82644 -0.025102 -0.56247 6.6111 -0.11402 7.7414
329 -0.59958 0.023974 0.79996 -0.0083509 0.99931 -0.036208 -0.80027 -0.02839 -0.59897 6.6346 -0.11494 7.7229
330 -0.63462 0.022035 0.77251 -0.0076508 0.99937 -0.034791 -0.77279 -0.02799 -0.63405 6.6575 -0.11623 7.7017
331 -0.6674 0.023266 0.74433 -0.0032961 0.99941 -0.034195 -0.74469 -0.025275 -0.66693 6.681 -0.11659 7.6784
332 -0.699 0.024546 0.7147 0.0009861 0.99944 -0.033361 -0.71512 -0.022615 -0.69863 6.7024 -0.11757 7.6543
333 -0.72888 0.026454 0.68413 0.0070155 0.99949 -0.031173 -0.68461 -0.017922 -0.72869 6.7245 -0.11892 7.6287
334 -0.75512 0.025807 0.65507 0.0088826 0.99954 -0.029138 -0.65552 -0.016184 -0.755 6.7463 -0.1196 7.6011
335 -0.77739 0.024431 0.62855 0.0090204 0.99958 -0.027696 -0.62896 -0.015861 -0.77728 6.7672 -0.12036 7.5731
336 -0.79767 0.022157 0.60269 0.0066092 0.99959 -0.028 -0.60306 -0.018352 -0.79749 6.7882 -0.12122 7.5443
337 -0.81819 0.021191 0.57455 0.0063537 0.99959 -0.02782 -0.57491 -0.019112 -0.818 6.8085 -0.12233 7.5136
338 -0.83891 0.019169 0.54394 0.0044847 0.99959 -0.02831 -0.54426 -0.02131 -0.83865 6.8279 -0.12281 7.4816
339 -0.85933 0.01966 0.51104 0.0052276 0.99955 -0.029662 -0.5114 -0.022818 -0.85904 6.8465 -0.12326 7.4493
340 -0.87827 0.020813 0.47771 0.0072046 0.99951 -0.030301 -0.4781 -0.023171 -0.878 6.8629 -0.12442 7.4154
341 -0.89685 0.019873 0.44189 0.0074654 0.99953 -0.0298 -0.44227 -0.023427 -0.89658 6.8806 -0.12492 7.3786
342 -0.91419 0.017114 0.40493 0.0059136 0.99957 -0.028895 -0.40525 -0.024021 -0.91389 6.8975 -0.12533 7.34
343 -0.92962 0.01592 0.36817 0.0058385 0.99958 -0.028481 -0.36847 -0.024327 -0.92932 6.9113 -0.12631 7.3015
344 -0.94367 0.015652 0.3305 0.0070622 0.99961 -0.027174 -0.3308 -0.023309 -0.94341 6.9249 -0.12707 7.2619
345 -0.95558 0.015758 0.29431 0.0089855 0.99966 -0.024351 -0.29459 -0.020625 -0.9554 6.9359 -0.12765 7.2198
346 -0.96551 0.015797 0.2599 0.010618 0.99972 -0.021318 -0.26016 -0.017823 -0.9654 6.9461 -0.12848 7.1772
347 -0.97343 0.015938 0.22841 0.011728 0.99974 -0.019777 -0.22867 -0.016573 -0.97336 6.9559 -0.12894 7.1344
348 -0.97957 0.019984 0.20012 0.016426 0.99968 -0.019423 -0.20044 -0.01574 -0.97958 6.9646 -0.12938 7.0904
349 -0.98379 0.024219 0.17767 0.020839 0.99957 -0.020864 -0.1781 -0.016824 -0.98387 6.9716 -0.13006 7.0454
350 -0.9866 0.027824 0.16078 0.024166 0.9994 -0.024667 -0.16137 -0.020451 -0.98668 6.9806 -0.1309 6.9924
351 -0.98853 0.030627 0.14788 0.026772 0.99925 -0.027985 -0.14862 -0.023705 -0.98861 6.9873 -0.1315 6.9443
352 -0.98978 0.033006 0.13872 0.029063 0.99912 -0.030357 -0.1396 -0.026015 -0.98987 6.9947 -0.13251 6.8967
353 -0.99059 0.034702 0.13237 0.030784 0.99903 -0.031533 -0.13333 -0.027161 -0.9907 7.0016 -0.133 6.846
354 -0.99109 0.035842 0.12829 0.032176 0.99902 -0.030544 -0.12925 -0.026144 -0.99127 7.0076 -0.13404 6.7942
355 -0.99137 0.035762 0.12613 0.03231 0.99905 -0.029308 -0.12706 -0.02498 -0.99158 7.0144 -0.1351 6.7413
356 -0.99153 0.03669 0.12459 0.03325 0.99901 -0.029582 -0.12555 -0.025189 -0.99177 7.021 -0.1362 6.6882
357 -0.99155 0.037908 0.1241 0.034496 0.99897 -0.02953 -0.12509 -0.025 -0.99183 7.0284 -0.13711 6.6333
358 -0.99138 0.038532 0.12522 0.03518 0.99896 -0.028872 -0.1262 -0.024218 -0.99171 7.0347 -0.13779 6.5794
359 -0.99125 0.039081 0.12608 0.03603 0.999 -0.026391 -0.12699 -0.021617 -0.99167 7.0424 -0.13898 6.5216
360 -0.99116 0.037544 0.12726 0.034776 0.99911 -0.0239 -0.12804 -0.019263 -0.99158 7.0497 -0.13996 6.4644
361 -0.99111 0.037407 0.12765 0.034942 0.99916 -0.021498 -0.12834 -0.016847 -0.99159 7.0577 -0.14098 6.4052
362 -0.99108 0.037029 0.12799 0.034683 0.99919 -0.020511 -0.12865 -0.015889 -0.99156 7.0656 -0.14163 6.3457
363 -0.99102 0.038564 0.12801 0.036053 0.99911 -0.021871 -0.12874 -0.017059 -0.99153 7.0737 -0.14225 6.2843
364 -0.99084 0.043794 0.12773 0.04109 0.99887 -0.023729 -0.12862 -0.018264 -0.99153 7.0815 -0.14259 6.2213
365 -0.99074 0.043899 0.12847 0.041118 0.99886 -0.024222 -0.12938 -0.018715 -0.99142 7.0896 -0.14359 6.1581
366 -0.99075 0.044248 0.12828 0.041018 0.99877 -0.027713 -0.12935 -0.022195 -0.99135 7.0982 -0.14466 6.0952
367 -0.99062 0.045889 0.12868 0.042224 0.99862 -0.031068 -0.12993 -0.025344 -0.9912 7.107 -0.1459 6.0313
368 -0.99071 0.044958 0.12837 0.041061 0.99862 -0.032844 -0.12966 -0.027268 -0.99118 7.117 -0.14689 5.9612
369 -0.99096 0.041166 0.1277 0.037606 0.99884 -0.030161 -0.12879 -0.025086 -0.99135 7.1252 -0.14831 5.8919
370 -0.9914 0.036924 0.12558 0.033875 0.99908 -0.026335 -0.12643 -0.021854 -0.99173 7.1351 -0.14997 5.8263
371 -0.99182 0.032626 0.12341 0.029983 0.99928 -0.023218 -0.12408 -0.019328 -0.99208 7.1447 -0.15109 5.7583
