1 0 0 0 0 0 0 0 0 0 0 0 0
2 0 0 0 0 0 0 0 0 0 -4.18e-05 3.615e-05 0.024044
3 1 -0.0016916 -0.0017431 0.0016902 1 -0.000766 0.0017444 0.000763 1 -8.36e-05 7.23e-05 0.048089
4 1 -0.0010978 -0.0027418 0.0010928 1 -0.0018317 0.0027438 0.0018287 0.99999 -0.0003187 -0.0001741 0.071303
5 0.99999 -0.0016334 -0.0036432 0.0016239 1 -0.0026247 0.0036475 0.0026188 0.99999 -0.0005065 8.26e-05 0.094133
6 0.99999 -0.0029994 -0.0044718 0.002986 0.99999 -0.0029987 0.0044808 0.0029853 0.99999 -0.0004447 0.0001687 0.11671
7 0.99998 -0.0040644 -0.0045682 0.0040497 0.99999 -0.0032195 0.0045812 0.0032009 0.99998 -0.0004713 0.000111 0.13777
8 0.99997 -0.0043475 -0.0055638 0.0043386 0.99999 -0.0016133 0.0055707 0.0015891 0.99998 -0.0004632 -5.1e-05 0.1591
9 0.99998 -0.0034783 -0.0060073 0.0034825 0.99999 0.0006853 0.0060049 -0.0007062 0.99998 -0.0007971 -0.0002116 0.17945
10 0.99998 -0.003469 -0.0061008 0.0034827 0.99999 0.0022269 0.006093 -0.0022481 0.99998 -0.0012302 -0.0005326 0.19884
11 0.99997 -0.0035827 -0.0068995 0.0036005 0.99999 0.0025776 0.0068902 -0.0026024 0.99997 -0.0013985 -0.0005617 0.21795
12 0.99997 -0.0042541 -0.0069778 0.0042757 0.99999 0.0030811 0.0069646 -0.0031108 0.99997 -0.001478 -0.0005378 0.23685
13 0.99998 -0.0045943 -0.0052401 0.0046117 0.99998 0.0033095 0.0052248 -0.0033335 0.99998 -0.0021311 -0.0005735 0.25208
14 0.99997 -0.0052225 -0.004977 0.0052329 0.99998 0.002086 0.004966 -0.002112 0.99999 -0.0020209 -0.0004546 0.26966
15 0.99998 -0.0052703 -0.0046212 0.0052717 0.99999 0.000294 0.0046196 -0.0003184 0.99999 -0.0021973 -0.0005566 0.28529
16 0.99997 -0.0055917 -0.0044888 0.0055857 0.99998 -0.0013616 0.0044964 0.0013365 0.99999 -0.0022575 -0.0006998 0.30228
17 0.99997 -0.0057156 -0.0044524 0.0057056 0.99998 -0.0022352 0.0044651 0.0022097 0.99999 -0.0022745 -0.0007233 0.31861
18 0.99997 -0.0063737 -0.0038389 0.0063656 0.99998 -0.0021107 0.0038523 0.0020862 0.99999 -0.0026224 -0.0007459 0.33491
19 0.99997 -0.0060963 -0.0038736 0.0060903 0.99998 -0.0015636 0.003883 0.0015399 0.99999 -0.0024937 -0.000784 0.35101
20 0.99998 -0.0043325 -0.0038094 0.004325 0.99999 -0.0019742 0.0038179 0.0019577 0.99999 -0.0028781 -0.000763 0.36751
21 0.99999 -0.0031445 -0.0039436 0.0031366 0.99999 -0.0019897 0.0039498 0.0019773 0.99999 -0.0027843 -0.0009501 0.38315
22 0.99999 -0.0025867 -0.0037048 0.0025773 0.99999 -0.0025213 0.0037113 0.0025117 0.99999 -0.0029247 -0.0009852 0.39823
23 0.99999 -0.0024611 -0.0033777 0.0024518 0.99999 -0.0027637 0.0033845 0.0027554 0.99999 -0.0032355 -0.0010734 0.41371
24 0.99999 -0.0030061 -0.0035741 0.0029945 0.99999 -0.0032627 0.0035839 0.003252 0.99999 -0.0032999 -0.0009627 0.42882
25 0.99999 -0.0027077 -0.0033083 0.0026939 0.99999 -0.0041439 0.0033195 0.0041349 0.99999 -0.0035996 -0.0010082 0.44397
26 0.99999 -0.0021761 -0.0032613 0.002161 0.99999 -0.0046179 0.0032713 0.0046108 0.99998 -0.0035256 -0.0011024 0.45885
27 0.99999 -0.0011396 -0.0029576 0.0011257 0.99999 -0.0046791 0.0029629 0.0046757 0.99998 -0.0038013 -0.0010898 0.47323
28 0.99999 -6.52e-05 -0.0031656 4.95e-05 0.99999 -0.0049591 0.0031659 0.0049589 0.99998 -0.0037481 -0.0010034 0.48802
29 1 0.0005366 -0.002779 -0.0005503 0.99999 -0.0049328 0.0027764 0.0049343 0.99998 -0.003834 -0.001229 0.50255
30 1 0.0006685 -0.001966 -0.0006791 0.99999 -0.0054165 0.0019624 0.0054178 0.99998 -0.0038549 -0.0012685 0.51674
31 1 0.0006037 -0.0011589 -0.0006115 0.99998 -0.0067369 0.0011548 0.0067376 0.99998 -0.0040056 -0.001271 0.53091
32 1 0.0011267 -0.0006138 -0.0011316 0.99997 -0.0081613 0.0006046 0.008162 0.99997 -0.0038143 -0.0015121 0.54524
33 1 0.0008584 0.0001611 -0.0008568 0.99995 -0.0096041 -0.0001693 0.009604 0.99995 -0.0039402 -0.0014983 0.5599
34 1 0.0009274 0.00142 -0.0009131 0.99995 -0.010077 -0.0014292 0.010075 0.99995 -0.0041816 -0.0015533 0.57501
35 1 6.12e-05 0.0020384 -3.91e-05 0.99994 -0.010876 -0.002039 0.010876 0.99994 -0.0040351 -0.0014067 0.58946
36 1 -0.0004092 0.0028283 0.0004413 0.99994 -0.011336 -0.0028234 0.011337 0.99993 -0.004281 -0.0017022 0.60463
37 0.99999 -0.0012418 0.003427 0.0012847 0.99992 -0.012545 -0.0034111 0.01255 0.99992 -0.0041015 -0.0016656 0.61949
38 0.99999 -0.0020008 0.0043783 0.0020591 0.99991 -0.013355 -0.0043512 0.013364 0.9999 -0.0041262 -0.0018155 0.63421
39 0.99999 -0.0017925 0.0049878 0.0018615 0.9999 -0.013871 -0.0049624 0.01388 0.99989 -0.0040547 -0.0019659 0.64934
40 0.99998 -0.0015316 0.0056165 0.0016122 0.9999 -0.014385 -0.0055938 0.014393 0.99988 -0.0038947 -0.0020488 0.66475
41 0.99998 -0.0023367 0.0050574 0.0024095 0.99989 -0.014429 -0.0050232 0.014441 0.99988 -0.0034131 -0.002143 0.68015
42 0.99998 -0.0039437 0.0056988 0.0040296 0.99988 -0.015145 -0.0056384 0.015168 0.99987 -0.0032074 -0.0022016 0.69613
43 0.99997 -0.0055219 0.0062822 0.0056223 0.99986 -0.016071 -0.0061925 0.016106 0.99985 -0.0030952 -0.002221 0.71217
44 0.99996 -0.0064236 0.0067424 0.0065328 0.99985 -0.016303 -0.0066366 0.016347 0.99984 -0.0028719 -0.0024075 0.72878
45 0.99995 -0.0068834 0.0071913 0.0069965 0.99985 -0.01582 -0.0070813 0.01587 0.99985 -0.0031428 -0.0023771 0.74574
46 0.99995 -0.0060184 0.0076604 0.0061306 0.99987 -0.014709 -0.0075709 0.014755 0.99986 -0.0033176 -0.0023958 0.76365
47 0.99995 -0.0052921 0.0082856 0.0054064 0.99989 -0.013832 -0.0082115 0.013876 0.99987 -0.003331 -0.0025076 0.78253
48 0.99995 -0.0057671 0.0082272 0.0058771 0.99989 -0.013416 -0.008149 0.013463 0.99988 -0.0030118 -0.0026327 0.80113
49 0.99994 -0.0067641 0.0087227 0.0068741 0.9999 -0.012634 -0.0086363 0.012693 0.99988 -0.0031331 -0.0026749 0.82124
50 0.99995 -0.0062591 0.0078879 0.0063503 0.99991 -0.011592 -0.0078146 0.011642 0.9999 -0.0028927 -0.0027341 0.84124
51 0.99995 -0.0062593 0.0073966 0.0063468 0.99991 -0.011872 -0.0073216 0.011918 0.9999 -0.0028032 -0.0024915 0.86286
52 0.99996 -0.0062232 0.007012 0.0063138 0.9999 -0.012971 -0.0069306 0.013014 0.99989 -0.0027087 -0.0024568 0.88469
53 0.99996 -0.0055858 0.0066359 0.0056758 0.99989 -0.013635 -0.0065591 0.013672 0.99989 -0.0029161 -0.0026937 0.90725
54 0.99997 -0.005121 0.0054844 0.0051958 0.99989 -0.013716 -0.0054135 0.013744 0.99989 -0.0022204 -0.0029322 0.93008
55 0.99998 -0.0034543 0.0049592 0.0035137 0.99992 -0.012017 -0.0049173 0.012034 0.99992 -0.0023696 -0.0028316 0.95421
56 0.99999 -0.0024939 0.0043658 0.0025414 0.99994 -0.010912 -0.0043383 0.010923 0.99993 -0.0028008 -0.0023684 0.97975
57 0.99999 -0.0025981 0.0036648 0.0026314 0.99996 -0.0091217 -0.0036409 0.0091312 0.99995 -0.003065 -0.0027362 1.0055
58 0.99998 -0.0047704 0.0029959 0.0047962 0.99995 -0.0086456 -0.0029545 0.0086598 0.99996 -0.0026955 -0.0027813 1.0312
59 0.99999 -0.0044486 0.0024632 0.0044718 0.99994 -0.0094941 -0.0024208 0.009505 0.99995 -0.0028441 -0.0026799 1.0577
60 0.99999 -0.0037151 0.002334 0.0037403 0.99993 -0.010871 -0.0022934 0.01088 0.99994 -0.0030589 -0.0022962 1.0853
61 0.99999 -0.004135 0.0019644 0.004156 0.99993 -0.010825 -0.0019195 0.010833 0.99994 -0.0030318 -0.0022915 1.1134
62 0.99998 -0.0066831 0.0010719 0.0066918 0.99994 -0.0083145 -0.0010163 0.0083215 0.99996 -0.002359 -0.0021637 1.1417
63 0.99994 -0.010441 0.0011409 0.010446 0.99993 -0.0049242 -0.0010894 0.0049358 0.99999 -0.0025321 -0.0019568 1.1713
64 0.99987 -0.015855 0.0006825 0.015856 0.99987 -0.0020345 -0.0006501 0.0020451 1 -0.0015584 -0.0019146 1.2015
65 0.99986 -0.016853 -2.37e-05 0.016853 0.99986 -0.0012985 4.56e-05 0.0012979 1 -0.0015401 -0.001458 1.2314
66 0.99986 -0.01701 -0.0008336 0.01701 0.99986 0.0003431 0.0008276 -0.0003573 1 -0.0012113 -0.001206 1.2636
67 0.99981 -0.019576 -0.0013812 0.019574 0.99981 -0.001269 0.0014058 0.0012417 1 -0.0012233 -0.0009255 1.2954
68 0.9997 -0.02452 -0.0017186 0.024518 0.9997 -0.0008588 0.0017391 0.0008164 1 -0.0012244 -0.0011011 1.3274
69 0.99971 -0.024051 -0.0018665 0.024052 0.99971 0.0002956 0.0018589 -0.0003404 1 -0.0013827 -0.0004354 1.3606
70 0.99979 -0.020451 -0.0022024 0.02045 0.99979 -0.0003812 0.0022097 0.0003361 1 -0.0014323 0.0002017 1.3941
71 0.99982 -0.018855 -0.0027753 0.018849 0.99982 -0.0022385 0.002817 0.0021857 0.99999 -0.0016023 0.0001681 1.4277
72 0.99981 -0.019463 -0.0022951 0.019442 0.99977 -0.0085662 0.0024613 0.00852 0.99996 -0.0020627 0.0004152 1.4622
73 0.99984 -0.01804 -0.0020333 0.018012 0.99975 -0.013061 0.0022684 0.013022 0.99991 -0.0023447 0.0004524 1.4966
74 0.9999 -0.014201 -0.0014877 0.014178 0.9998 -0.014355 0.0016913 0.014333 0.9999 -0.0027418 0.0006433 1.531
75 0.99992 -0.012931 -0.0014248 0.012912 0.99984 -0.012403 0.0015849 0.012384 0.99992 -0.0029777 0.0003262 1.5661
76 0.99992 -0.012304 -0.0017284 0.012288 0.99989 -0.0087959 0.0018364 0.008774 0.99996 -0.0023621 2.61e-05 1.6011
77 0.99991 -0.013053 -0.0014908 0.013044 0.9999 -0.0055995 0.0015638 0.0055796 0.99998 -0.002341 2e-05 1.6362
78 0.99989 -0.014589 -0.0013671 0.014583 0.99989 -0.0038865 0.0014236 0.0038662 0.99999 -0.0022431 -7.72e-05 1.6718
79 0.99989 -0.01455 -0.0013988 0.014542 0.99988 -0.0056702 0.0014811 0.0056493 0.99998 -0.0022841 -0.0001285 1.707
80 0.99989 -0.014486 -0.0011412 0.014476 0.99985 -0.0090306 0.0012718 0.0090131 0.99996 -0.0025802 -0.0002807 1.742
81 0.99991 -0.013423 -0.001404 0.013407 0.99985 -0.011206 0.0015542 0.011186 0.99994 -0.002616 -0.0004065 1.7774
82 0.99992 -0.012718 -0.0007378 0.01271 0.99988 -0.0093743 0.0008569 0.0093642 0.99996 -0.0028241 -0.0006302 1.8141
83 0.99993 -0.012213 -0.000804 0.012208 0.99991 -0.0051539 0.0008669 0.0051437 0.99999 -0.0027304 -0.0007737 1.8504
84 0.99992 -0.012374 -0.0003279 0.012373 0.99992 -0.0027735 0.0003622 0.0027692 1 -0.0027271 -0.0008375 1.886
85 0.99991 -0.013625 -0.0006694 0.013624 0.9999 -0.0021603 0.0006988 0.002151 1 -0.0026425 -0.0008771 1.9222
86 0.99989 -0.015111 -0.0012709 0.015106 0.99988 -0.0037416 0.0013273 0.003722 0.99999 -0.0028525 -0.0006965 1.9584
87 0.99988 -0.015106 -0.0026095 0.015092 0.99987 -0.0052826 0.002689 0.0052426 0.99998 -0.0029249 -0.0006603 1.9949
88 0.99992 -0.012197 -0.0036119 0.012177 0.99991 -0.0055177 0.0036789 0.0054732 0.99998 -0.0035021 -0.000651 2.0321
89 0.99995 -0.0088744 -0.0042058 0.0088535 0.99995 -0.0049611 0.0042496 0.0049236 0.99998 -0.0043173 -0.0002049 2.0691
90 0.99997 -0.0049444 -0.0053566 0.0049254 0.99998 -0.0035455 0.005374 0.003519 0.99998 -0.0046307 -0.0001422 2.107
91 0.99998 -5.54e-05 -0.0061957 2.61e-05 0.99999 -0.0047324 0.0061959 0.0047321 0.99997 -0.0053851 5.89e-05 2.1455
92 0.99997 0.0039109 -0.0067264 -0.0039532 0.99997 -0.006286 0.0067016 0.0063124 0.99996 -0.0062003 -7.21e-05 2.1833
93 0.99997 0.0037758 -0.0074638 -0.0038342 0.99996 -0.0078285 0.0074339 0.0078569 0.99994 -0.0064109 -7.95e-05 2.2206
94 0.99996 0.0035141 -0.008618 -0.0035807 0.99996 -0.0077263 0.0085906 0.0077568 0.99993 -0.0066469 -0.0003734 2.2595
95 0.99995 0.0039671 -0.0091489 -0.0040317 0.99997 -0.0070595 0.0091206 0.007096 0.99993 -0.0073737 5.04e-05 2.2983
96 0.99995 0.0029674 -0.0098941 -0.0030307 0.99997 -0.0063934 0.0098749 0.006423 0.99993 -0.0078286 -4.32e-05 2.337
97 0.99994 0.0017141 -0.010392 -0.001788 0.99997 -0.007103 0.010379 0.0071211 0.99992 -0.0084015 -6.57e-05 2.3761
98 0.99993 0.0028381 -0.01119 -0.0029338 0.99996 -0.0085404 0.011165 0.0085726 0.9999 -0.0088031 -1.7e-05 2.4164
99 0.99992 0.003912 -0.011852 -0.0040438 0.99993 -0.01111 0.011808 0.011158 0.99987 -0.0091789 -0.0001842 2.4558
100 0.99992 0.0032146 -0.012384 -0.0033922 0.99989 -0.014352 0.012337 0.014393 0.99982 -0.0094538 -0.0001525 2.4955
101 0.99992 0.0037692 -0.011952 -0.0039565 0.99987 -0.015683 0.011892 0.01573 0.99981 -0.010019 -0.0005423 2.5386
102 0.99992 0.0047493 -0.011632 -0.0049077 0.9999 -0.013627 0.011566 0.013683 0.99984 -0.011677 -0.0009813 2.5789
103 0.99991 0.0045539 -0.012284 -0.0047008 0.99992 -0.011957 0.012228 0.012014 0.99985 -0.011705 -0.0011188 2.6191
104 0.99991 0.0048044 -0.012594 -0.0049543 0.99992 -0.011899 0.012535 0.01196 0.99985 -0.012515 -0.0014139 2.6597
105 0.99989 0.0047035 -0.014115 -0.0048706 0.99992 -0.011825 0.014059 0.011893 0.99983 -0.012489 -0.0016833 2.7019
106 0.99988 0.0045824 -0.014626 -0.0047499 0.99992 -0.011439 0.014572 0.011507 0.99983 -0.013166 -0.0019983 2.7429
107 0.99987 0.0053471 -0.01488 -0.005519 0.99992 -0.011537 0.014818 0.011618 0.99982 -0.014448 -0.0023185 2.7855
108 0.99987 0.0050143 -0.015407 -0.0051797 0.99993 -0.010718 0.015352 0.010796 0.99982 -0.014721 -0.0032235 2.828
109 0.99986 0.0054523 -0.015907 -0.0056292 0.99992 -0.011101 0.015845 0.011189 0.99981 -0.01562 -0.0027629 2.8699
110 0.99987 0.004057 -0.015797 -0.0042259 0.99993 -0.010674 0.015752 0.010739 0.99982 -0.016472 -0.0031128 2.911
111 0.99986 0.0040478 -0.016265 -0.0042137 0.99994 -0.010181 0.016223 0.010249 0.99982 -0.016842 -0.0026839 2.9535
112 0.99987 0.0019095 -0.01627 -0.0020761 0.99995 -0.01023 0.016249 0.010262 0.99982 -0.017649 -0.0031972 2.9966
113 0.99986 0.0015419 -0.016439 -0.0017211 0.99994 -0.010888 0.016422 0.010915 0.99981 -0.018718 -0.0030642 3.0394
114 0.99987 0.0009403 -0.016281 -0.0011064 0.99995 -0.010198 0.01627 0.010214 0.99982 -0.019081 -0.0034247 3.0818
115 0.99986 0.0002857 -0.016646 -0.0004267 0.99996 -0.0084654 0.016643 0.0084713 0.99983 -0.019646 -0.0038433 3.124
116 0.99986 0.0009732 -0.016874 -0.0011201 0.99996 -0.0087003 0.016865 0.0087179 0.99982 -0.020334 -0.0036654 3.1682
117 0.99985 0.0019085 -0.017261 -0.0020583 0.99996 -0.0086666 0.017244 0.0087008 0.99981 -0.021038 -0.0039185 3.2131
118 0.99984 0.0022325 -0.017763 -0.0023685 0.99997 -0.0076405 0.017745 0.0076814 0.99981 -0.021426 -0.0042481 3.2553
119 0.99983 0.0030437 -0.018038 -0.0031811 0.99997 -0.0075921 0.018014 0.0076482 0.99981 -0.022307 -0.0043444 3.2998
120 0.99983 0.0036661 -0.018199 -0.0037953 0.99997 -0.0070691 0.018173 0.007137 0.99981 -0.023224 -0.0048048 3.3437
121 0.99982 0.0031611 -0.018588 -0.0032946 0.99997 -0.0071544 0.018565 0.0072143 0.9998 -0.023852 -0.0048799 3.3881
122 0.99983 0.0050335 -0.017984 -0.0051747 0.99996 -0.0078121 0.017944 0.0079038 0.99981 -0.024934 -0.0050681 3.4304
123 0.99984 0.0045989 -0.017385 -0.0047388 0.99996 -0.008014 0.017348 0.0080951 0.99982 -0.026286 -0.0052063 3.4725
124 0.99984 0.0052423 -0.016978 -0.0053608 0.99996 -0.0069432 0.016941 0.0070332 0.99983 -0.026675 -0.0053966 3.5155
125 0.99985 0.0053022 -0.016289 -0.0054187 0.99996 -0.0071192 0.016251 0.0072064 0.99984 -0.027242 -0.0051281 3.5575
126 0.99987 0.0041381 -0.015605 -0.0042389 0.99997 -0.0064281 0.015578 0.0064934 0.99986 -0.028541 -0.005579 3.5998
127 0.99988 0.0030039 -0.015433 -0.0030935 0.99998 -0.0057878 0.015415 0.0058348 0.99986 -0.029416 -0.0056485 3.6422
128 0.99988 0.0032185 -0.015003 -0.0032949 0.99998 -0.0050726 0.014987 0.0051214 0.99987 -0.030288 -0.0056032 3.6842
129 0.99989 0.0025592 -0.01452 -0.0026391 0.99998 -0.0054869 0.014506 0.0055246 0.99988 -0.031061 -0.0057927 3.7253
130 0.9999 0.0028316 -0.014019 -0.0029212 0.99998 -0.0063764 0.014001 0.0064167 0.99988 -0.031183 -0.0060578 3.7662
131 0.99991 0.0017041 -0.013446 -0.0017944 0.99998 -0.0067045 0.013434 0.006728 0.99989 -0.031395 -0.0060226 3.8061
132 0.99991 0.0032974 -0.013107 -0.0033855 0.99997 -0.0067069 0.013085 0.0067507 0.99989 -0.032053 -0.0068107 3.847
133 0.99992 0.0035438 -0.012283 -0.0036215 0.99997 -0.006313 0.01226 0.006357 0.9999 -0.032873 -0.0068452 3.8869
134 0.99992 0.0048931 -0.012077 -0.0049644 0.99997 -0.0058783 0.012047 0.0059378 0.99991 -0.033017 -0.0073303 3.9263
135 0.99994 0.0042418 -0.010501 -0.0043181 0.99996 -0.0072621 0.01047 0.007307 0.99992 -0.034346 -0.0073271 3.9678
136 0.99994 0.0054622 -0.0097014 -0.0055453 0.99995 -0.0085686 0.0096541 0.0086218 0.99992 -0.034694 -0.0074085 4.0048
137 0.99995 0.0049988 -0.009178 -0.005062 0.99996 -0.006869 0.0091434 0.0069151 0.99993 -0.034876 -0.0081796 4.0448
138 0.99995 0.0051967 -0.0087665 -0.0052374 0.99998 -0.0046253 0.0087422 0.0046709 0.99995 -0.034935 -0.0082199 4.0833
139 0.99996 0.0038483 -0.0085506 -0.0038793 0.99999 -0.0036178 0.0085366 0.0036508 0.99996 -0.035479 -0.0079865 4.1229
140 0.99996 0.0030347 -0.008484 -0.0030703 0.99999 -0.0041861 0.0084712 0.004212 0.99996 -0.036262 -0.0083237 4.1617
141 0.99996 0.0020892 -0.0084836 -0.0021347 0.99998 -0.0053525 0.0084723 0.0053705 0.99995 -0.036103 -0.0084295 4.2013
142 0.99996 0.00251 -0.0085033 -0.0025713 0.99997 -0.0072045 0.008485 0.0072261 0.99994 -0.036436 -0.0085495 4.2416
143 0.99996 0.0019979 -0.0087358 -0.0020655 0.99997 -0.0077331 0.0087201 0.0077508 0.99993 -0.036572 -0.0089327 4.28
144 0.99996 0.0021212 -0.0089066 -0.0021932 0.99996 -0.0080894 0.0088892 0.0081086 0.99993 -0.037764 -0.0088946 4.3172
145 0.99995 0.0024967 -0.0095212 -0.0025748 0.99996 -0.0082078 0.0095004 0.0082319 0.99992 -0.038212 -0.00904 4.3547
146 0.99994 0.0026788 -0.010259 -0.002748 0.99997 -0.006741 0.01024 0.0067688 0.99992 -0.038456 -0.0095237 4.3925
147 0.99994 0.00192 -0.010481 -0.0019702 0.99999 -0.0047803 0.010472 0.0048007 0.99993 -0.039479 -0.0096973 4.4305
148 0.99994 0.0030332 -0.01094 -0.0030721 0.99999 -0.0035457 0.010929 0.003579 0.99993 -0.040252 -0.0099729 4.4678
149 0.99993 0.0027249 -0.011701 -0.0027622 0.99999 -0.0031796 0.011692 0.0032117 0.99993 -0.040535 -0.010471 4.5057
150 0.99992 0.0021038 -0.01223 -0.0021485 0.99999 -0.0036378 0.012222 0.0036638 0.99992 -0.041028 -0.010391 4.5422
151 0.99992 0.0001449 -0.012895 -0.0001845 1 -0.0030671 0.012894 0.0030692 0.99991 -0.041475 -0.010687 4.5797
152 0.99992 8.33e-05 -0.012811 -0.0001239 0.99999 -0.0031657 0.012811 0.003167 0.99991 -0.042152 -0.010955 4.6187
153 0.99991 0.0004963 -0.013193 -0.0005596 0.99999 -0.0047947 0.01319 0.0048016 0.9999 -0.04268 -0.011287 4.6552
154 0.99991 0.0012851 -0.013728 -0.0013792 0.99998 -0.0068484 0.013719 0.0068666 0.99988 -0.04343 -0.011602 4.6916
155 0.9999 0.000164 -0.014038 -0.000274 0.99997 -0.0078309 0.014036 0.007834 0.99987 -0.043779 -0.011817 4.7279
156 0.9999 0.0015575 -0.014158 -0.0016701 0.99997 -0.0079428 0.014145 0.0079656 0.99987 -0.044506 -0.011756 4.7635
157 0.99989 0.0020698 -0.0144 -0.0021609 0.99998 -0.0063164 0.014386 0.0063468 0.99988 -0.044808 -0.012199 4.7999
158 0.9999 0.0027199 -0.013871 -0.0027848 0.99999 -0.0046602 0.013858 0.0046983 0.99989 -0.046121 -0.012671 4.8338
159 0.99989 0.0022819 -0.014341 -0.0023429 0.99999 -0.0042429 0.014331 0.004276 0.99989 -0.046609 -0.012541 4.8694
160 0.99989 0.0022931 -0.014601 -0.0023342 0.99999 -0.0027926 0.014595 0.0028263 0.99989 -0.047318 -0.013077 4.9059
161 0.99989 0.0010027 -0.014859 -0.001027 1 -0.0016291 0.014857 0.0016441 0.99989 -0.047644 -0.013225 4.9416
162 0.9999 0.0017662 -0.014222 -0.0017832 1 -0.0011873 0.01422 0.0012125 0.9999 -0.048933 -0.013042 4.9742
163 0.9999 0.001552 -0.014155 -0.0015712 1 -0.0013392 0.014153 0.0013614 0.9999 -0.049477 -0.013185 5.0073
164 0.99989 0.0020587 -0.01457 -0.0020841 1 -0.0017256 0.014566 0.0017557 0.99989 -0.049637 -0.013629 5.0396
165 0.99989 0.0023842 -0.014316 -0.0024138 0.99999 -0.0020558 0.014311 0.0020902 0.9999 -0.050296 -0.013595 5.0712
166 0.9999 0.0014834 -0.013876 -0.0015161 1 -0.0023405 0.013872 0.0023613 0.9999 -0.050953 -0.013578 5.1007
167 0.9999 0.0014772 -0.013718 -0.0015205 0.99999 -0.0031451 0.013713 0.0031657 0.9999 -0.051173 -0.013639 5.1301
168 0.99991 0.002519 -0.013345 -0.0025485 0.99999 -0.0021927 0.013339 0.0022265 0.99991 -0.051998 -0.014091 5.1598
169 0.9999 0.003539 -0.013695 -0.003565 0.99999 -0.0018757 0.013688 0.0019243 0.9999 -0.052431 -0.014098 5.1879
170 0.9999 0.0034822 -0.013442 -0.0034974 0.99999 -0.0011041 0.013438 0.001151 0.99991 -0.052719 -0.014566 5.2145
171 0.9999 0.0030102 -0.013912 -0.0030124 1 -0.0001309 0.013912 0.0001728 0.9999 -0.052998 -0.014754 5.2422
172 0.99991 0.00389 -0.013007 -0.0038827 0.99999 0.0005885 0.013009 -0.0005379 0.99992 -0.053625 -0.015128 5.267
173 0.9999 0.0031503 -0.013704 -0.0031523 0.99999 -0.0001257 0.013704 0.0001689 0.99991 -0.053415 -0.015362 5.2925
174 0.9999 0.0028412 -0.013683 -0.0028552 1 -0.0010017 0.01368 0.0010407 0.99991 -0.053712 -0.015482 5.3157
175 0.9999 0.002655 -0.013642 -0.0026795 0.99999 -0.001781 0.013637 0.0018174 0.99991 -0.05409 -0.015207 5.3384
176 0.9999 0.0025947 -0.013714 -0.0026326 0.99999 -0.0027442 0.013707 0.00278 0.9999 -0.054399 -0.015378 5.3603
177 0.99989 0.0012381 -0.014575 -0.0013004 0.99999 -0.004269 0.014569 0.0042875 0.99988 -0.054321 -0.015504 5.3819
178 0.99989 0.0012182 -0.014939 -0.0013073 0.99998 -0.005951 0.014932 0.0059699 0.99987 -0.054992 -0.015697 5.4023
179 0.99988 0.0014696 -0.015731 -0.0015893 0.99997 -0.0075993 0.01572 0.0076234 0.99985 -0.055501 -0.016078 5.4226
180 0.99987 0.0014803 -0.01607 -0.0016122 0.99997 -0.0082013 0.016058 0.0082261 0.99984 -0.05605 -0.016193 5.4432
181 0.99985 0.0013899 -0.017095 -0.00152 0.99997 -0.0076025 0.017084 0.0076274 0.99982 -0.056264 -0.015961 5.4623
182 0.99984 0.0012475 -0.01764 -0.0013832 0.99997 -0.0076835 0.01763 0.0077067 0.99981 -0.056829 -0.015984 5.4825
183 0.99983 0.0021699 -0.018384 -0.0022868 0.99998 -0.0063364 0.01837 0.0063774 0.99981 -0.057215 -0.016439 5.5018
184 0.99981 0.0022313 -0.019512 -0.0023375 0.99998 -0.0054242 0.0195 0.0054688 0.99979 -0.057521 -0.016682 5.521
185 0.9998 0.0024532 -0.019928 -0.002542 0.99999 -0.004434 0.019917 0.0044837 0.99979 -0.057657 -0.016922 5.5396
186 0.9998 0.0034437 -0.019882 -0.0035319 0.99998 -0.0044066 0.019866 0.0044759 0.99979 -0.058321 -0.016808 5.5573
187 0.99979 0.0043026 -0.020087 -0.0043782 0.99998 -0.0037163 0.020071 0.0038035 0.99979 -0.058765 -0.016936 5.5746
188 0.99979 0.003451 -0.020377 -0.0035229 0.99999 -0.0034956 0.020365 0.0035666 0.99979 -0.059046 -0.017006 5.5915
189 0.99979 0.0032249 -0.020388 -0.0032852 0.99999 -0.0029244 0.020379 0.0029907 0.99979 -0.059386 -0.017102 5.6071
190 0.99978 0.0049934 -0.020145 -0.0050468 0.99998 -0.0026007 0.020132 0.0027018 0.99979 -0.059929 -0.017116 5.6222
191 0.99978 0.0060804 -0.020019 -0.0061309 0.99998 -0.0024609 0.020003 0.0025831 0.9998 -0.060566 -0.017007 5.6364
192 0.99979 0.0066189 -0.019495 -0.0066668 0.99997 -0.0023895 0.019479 0.0025189 0.99981 -0.061115 -0.017313 5.65
193 0.9998 0.00669 -0.018977 -0.0067439 0.99997 -0.0027761 0.018958 0.0029036 0.99982 -0.061463 -0.017193 5.662
194 0.99981 0.0062242 -0.018654 -0.0062782 0.99998 -0.0028384 0.018636 0.0029549 0.99982 -0.061778 -0.017408 5.6736
195 0.99981 0.0061704 -0.018539 -0.0062381 0.99997 -0.0035927 0.018517 0.0037076 0.99982 -0.061866 -0.017188 5.686
196 0.99981 0.0062294 -0.018466 -0.0063147 0.99997 -0.0045647 0.018437 0.0046805 0.99982 -0.061935 -0.017258 5.6962
197 0.99981 0.0069502 -0.01819 -0.0070563 0.99996 -0.0057714 0.018149 0.0058987 0.99982 -0.062173 -0.017465 5.7071
198 0.99981 0.0066964 -0.018142 -0.0068215 0.99995 -0.0068379 0.018095 0.0069604 0.99981 -0.06251 -0.017504 5.7178
199 0.99981 0.006811 -0.018327 -0.0069526 0.99995 -0.007671 0.018274 0.007797 0.9998 -0.062704 -0.017451 5.7291
200 0.99981 0.0068408 -0.018328 -0.0069845 0.99995 -0.0077891 0.018274 0.0079156 0.9998 -0.063043 -0.017613 5.7397
201 0.99981 0.0061971 -0.018627 -0.0063392 0.99995 -0.0075809 0.018579 0.0076975 0.9998 -0.06328 -0.017853 5.7498
202 0.9998 0.0060055 -0.019158 -0.0061548 0.99995 -0.0077386 0.019111 0.007855 0.99979 -0.063326 -0.017772 5.7601
203 0.99979 0.0056549 -0.019778 -0.0058074 0.99995 -0.007662 0.019734 0.0077752 0.99977 -0.063372 -0.017732 5.7718
204 0.99979 0.0057395 -0.019789 -0.005901 0.99995 -0.0081096 0.019741 0.0082246 0.99977 -0.06372 -0.01781 5.7818
205 0.99978 0.005196 -0.020158 -0.0053723 0.99995 -0.008701 0.020112 0.0088074 0.99976 -0.063921 -0.017821 5.7917
206 0.99978 0.0056118 -0.020452 -0.0057945 0.99994 -0.0088861 0.020401 0.0090026 0.99975 -0.064104 -0.017938 5.8016
207 0.99977 0.0055523 -0.020658 -0.0057278 0.99995 -0.0084459 0.02061 0.0085623 0.99975 -0.064405 -0.018053 5.8117
208 0.99977 0.0052048 -0.020793 -0.0053781 0.99995 -0.0082914 0.020749 0.0084013 0.99975 -0.064683 -0.017957 5.8215
209 0.99977 0.005484 -0.020891 -0.0056584 0.99995 -0.0082988 0.020845 0.0084151 0.99975 -0.065046 -0.018006 5.8305
210 0.99976 0.0055694 -0.021273 -0.0057421 0.99995 -0.0080673 0.021227 0.0081875 0.99974 -0.065216 -0.018202 5.84
211 0.99976 0.0055722 -0.021156 -0.0057383 0.99995 -0.007797 0.021111 0.0079165 0.99975 -0.065726 -0.018156 5.8487
212 0.99976 0.0052387 -0.02148 -0.0054077 0.99995 -0.0078198 0.021438 0.0079341 0.99974 -0.065794 -0.018156 5.8578
213 0.99975 0.0051161 -0.021822 -0.0052772 0.99996 -0.0073315 0.021784 0.0074448 0.99973 -0.065905 -0.018456 5.8659
214 0.99975 0.0045583 -0.021935 -0.0047153 0.99996 -0.0071087 0.021902 0.0072103 0.99973 -0.06601 -0.018529 5.8741
215 0.99974 0.0037206 -0.02231 -0.0038771 0.99997 -0.0069765 0.022283 0.0070612 0.99973 -0.066166 -0.018477 5.8819
216 0.99975 0.0032034 -0.022315 -0.0033468 0.99997 -0.00639 0.022294 0.0064631 0.99973 -0.066487 -0.018494 5.8895
217 0.99975 0.0032205 -0.022235 -0.0033512 0.99998 -0.0058438 0.022216 0.0059169 0.99974 -0.066862 -0.018623 5.8962
218 0.99974 0.0038354 -0.022494 -0.0039495 0.99998 -0.0050323 0.022474 0.0051198 0.99973 -0.066853 -0.018885 5.9023
219 0.99974 0.0041741 -0.022261 -0.0042776 0.99998 -0.0046053 0.022241 0.0046993 0.99974 -0.067203 -0.018971 5.908
220 0.99973 0.0044248 -0.022615 -0.0045287 0.99998 -0.0045459 0.022594 0.0046471 0.99973 -0.067353 -0.018891 5.9128
221 0.99974 0.0044315 -0.022513 -0.0045403 0.99998 -0.0047862 0.022491 0.0048872 0.99974 -0.067422 -0.018872 5.917
222 0.99974 0.0040867 -0.02252 -0.0042177 0.99997 -0.0057721 0.022495 0.0058656 0.99973 -0.067532 -0.018764 5.9207
223 0.99974 0.0043006 -0.022557 -0.0044507 0.99997 -0.0066067 0.022528 0.0067054 0.99972 -0.067609 -0.01877 5.9242
224 0.99973 0.004579 -0.022573 -0.0047446 0.99996 -0.007292 0.022539 0.0073972 0.99972 -0.067681 -0.018571 5.9274
225 0.99974 0.0044467 -0.022215 -0.0046017 0.99997 -0.006932 0.022184 0.0070324 0.99973 -0.068072 -0.018666 5.9296
226 0.99974 0.0043519 -0.022222 -0.0044995 0.99997 -0.0065947 0.022193 0.006693 0.99973 -0.068189 -0.018832 5.9325
227 0.99975 0.0042092 -0.022167 -0.0043601 0.99997 -0.006761 0.022138 0.0068559 0.99973 -0.068097 -0.018763 5.9346
228 0.99974 0.004188 -0.022209 -0.0043438 0.99997 -0.0069685 0.022179 0.0070632 0.99973 -0.068137 -0.018707 5.9369
229 0.99974 0.0043933 -0.022239 -0.0045488 0.99997 -0.0069447 0.022208 0.0070441 0.99973 -0.068221 -0.018938 5.939
230 0.99974 0.0047687 -0.022209 -0.0049428 0.99996 -0.0077929 0.022171 0.0079007 0.99972 -0.06833 -0.018753 5.9409
231 0.99974 0.0049485 -0.022447 -0.0051325 0.99995 -0.0081504 0.022405 0.0082635 0.99971 -0.068274 -0.018769 5.943
232 0.99973 0.0046977 -0.022677 -0.0048791 0.99996 -0.0079504 0.022639 0.0080589 0.99971 -0.068199 -0.018889 5.9449
233 0.99974 0.0045688 -0.022504 -0.0047493 0.99996 -0.0079741 0.022467 0.0080789 0.99971 -0.068234 -0.018849 5.9465
234 0.99974 0.0046131 -0.02254 -0.0047912 0.99996 -0.0078551 0.022503 0.007961 0.99972 -0.068311 -0.018848 5.9481
235 0.99973 0.0048631 -0.022554 -0.0050441 0.99996 -0.0079738 0.022514 0.0080855 0.99971 -0.068446 -0.018753 5.9494
236 0.99973 0.0045448 -0.022897 -0.0047189 0.99996 -0.0075562 0.022862 0.0076622 0.99971 -0.0682 -0.018931 5.9506
237 0.99973 0.004542 -0.022921 -0.004716 0.99996 -0.0075418 0.022886 0.0076479 0.99971 -0.068251 -0.018937 5.9515
238 0.99973 0.0044874 -0.022923 -0.00466 0.99996 -0.0074807 0.022888 0.0075854 0.99971 -0.068252 -0.018882 5.9521
239 0.99973 0.0045788 -0.022693 -0.0047436 0.99996 -0.0072114 0.022659 0.0073171 0.99972 -0.068348 -0.018933 5.9524
240 0.99973 0.00438 -0.022822 -0.0045413 0.99996 -0.0070207 0.022791 0.0071224 0.99971 -0.068418 -0.018926 5.9526
241 0.99973 0.0044464 -0.022855 -0.0046139 0.99996 -0.0072821 0.022822 0.0073856 0.99971 -0.068398 -0.01894 5.9525
242 0.99973 0.0041736 -0.022864 -0.0043628 0.99996 -0.0082276 0.022829 0.0083251 0.9997 -0.068436 -0.018965 5.9524
243 0.99973 0.0036865 -0.022778 -0.0038922 0.99995 -0.0089923 0.022743 0.0090785 0.9997 -0.068448 -0.01892 5.9524
244 0.99973 0.0040355 -0.022888 -0.0042337 0.99995 -0.0086219 0.022852 0.0087165 0.9997 -0.068432 -0.018891 5.9525
245 0.99973 0.00376 -0.022845 -0.0039661 0.99995 -0.0089826 0.02281 0.0090708 0.9997 -0.068382 -0.018864 5.9524
246 0.99973 0.0038191 -0.022855 -0.0040386 0.99995 -0.0095664 0.022817 0.0096561 0.99969 -0.068405 -0.019019 5.9525
247 0.99973 0.004093 -0.022738 -0.0043203 0.99994 -0.0099536 0.022696 0.010049 0.99969 -0.068512 -0.01894 5.9526
248 0.99973 0.0042753 -0.02282 -0.0045097 0.99994 -0.010229 0.022775 0.010329 0.99969 -0.068432 -0.018857 5.9531
249 0.99973 0.0038895 -0.022842 -0.0041234 0.99994 -0.010205 0.022801 0.010296 0.99969 -0.068408 -0.018906 5.9536
250 0.99974 0.0040641 -0.022634 -0.0042908 0.99994 -0.0099781 0.022592 0.010072 0.99969 -0.068654 -0.018958 5.9544
251 0.99974 0.0038548 -0.022637 -0.0040781 0.99994 -0.00983 0.022597 0.0099198 0.9997 -0.068614 -0.019009 5.9552
252 0.99974 0.004166 -0.022507 -0.0043949 0.99994 -0.010129 0.022464 0.010225 0.9997 -0.068774 -0.018967 5.9562
253 0.99973 0.0040174 -0.0227 -0.0042477 0.99994 -0.010108 0.022659 0.010202 0.99969 -0.068604 -0.019044 5.9571
254 0.99974 0.0039602 -0.022417 -0.0041975 0.99994 -0.010546 0.022374 0.010638 0.99969 -0.068828 -0.01902 5.9584
255 0.99974 0.0038151 -0.022687 -0.0040749 0.99993 -0.011419 0.022642 0.011509 0.99968 -0.06872 -0.018961 5.9601
256 0.99974 0.003936 -0.022676 -0.00422 0.99991 -0.01249 0.022624 0.012583 0.99966 -0.068845 -0.0188 5.9621
257 0.99973 0.0040677 -0.022667 -0.0043677 0.9999 -0.013201 0.022611 0.013296 0.99966 -0.068869 -0.018883 5.9645
258 0.99973 0.0041874 -0.022648 -0.0044993 0.9999 -0.013737 0.022588 0.013835 0.99965 -0.068914 -0.018939 5.9672
259 0.99975 0.0039357 -0.022148 -0.0042464 0.99989 -0.013999 0.02209 0.01409 0.99966 -0.069089 -0.018859 5.9709
260 0.99975 0.0039492 -0.02217 -0.0042669 0.99989 -0.014303 0.022111 0.014394 0.99965 -0.069041 -0.018872 5.9749
261 0.99975 0.0038754 -0.021994 -0.0041907 0.99989 -0.014307 0.021936 0.014395 0.99966 -0.069303 -0.018964 5.9803
262 0.99976 0.0036955 -0.021545 -0.0040183 0.99988 -0.014962 0.021487 0.015045 0.99966 -0.069431 -0.018898 5.9854
263 0.99977 0.0036041 -0.021259 -0.0039313 0.99987 -0.015369 0.021201 0.015449 0.99966 -0.069522 -0.01901 5.9917
264 0.99978 0.0031002 -0.020844 -0.0034355 0.99986 -0.016069 0.020791 0.016137 0.99965 -0.069631 -0.019077 5.9984
265 0.99979 0.0032999 -0.020312 -0.0036455 0.99985 -0.017003 0.020253 0.017073 0.99965 -0.069781 -0.019072 6.0052
266 0.99979 0.0038351 -0.019938 -0.0041851 0.99984 -0.017542 0.019868 0.017621 0.99965 -0.069959 -0.019145 6.0133
267 0.9998 0.0042198 -0.01944 -0.0045673 0.99983 -0.017864 0.019362 0.01795 0.99965 -0.070297 -0.019315 6.0223
268 0.99981 0.0038539 -0.019054 -0.0042045 0.99982 -0.018395 0.01898 0.018472 0.99965 -0.070258 -0.019177 6.0319
269 0.99983 0.0029459 -0.018226 -0.0032758 0.99983 -0.018102 0.01817 0.018159 0.99967 -0.070484 -0.019497 6.0422
270 0.99984 0.0025035 -0.017591 -0.0028297 0.99982 -0.018545 0.017542 0.018592 0.99967 -0.070862 -0.01946 6.0536
271 0.99985 0.0023702 -0.017207 -0.0026848 0.99983 -0.018279 0.017161 0.018323 0.99968 -0.070825 -0.019643 6.0656
272 0.99986 0.0033918 -0.016509 -0.003703 0.99982 -0.018857 0.016442 0.018915 0.99969 -0.0711 -0.019638 6.0786
273 0.99987 0.0033206 -0.016025 -0.0036381 0.9998 -0.019826 0.015955 0.019882 0.99967 -0.071349 -0.019669 6.0916
274 0.99988 0.0027018 -0.015444 -0.0030053 0.9998 -0.019665 0.015388 0.019709 0.99969 -0.071487 -0.019898 6.1058
275 0.99989 0.0021942 -0.014593 -0.0024833 0.9998 -0.019828 0.014546 0.019862 0.9997 -0.071887 -0.019801 6.1215
276 0.9999 0.0021792 -0.014008 -0.0024544 0.9998 -0.019655 0.013962 0.019687 0.99971 -0.072065 -0.020089 6.1375
277 0.99991 0.0020028 -0.012925 -0.0022497 0.99981 -0.019117 0.012884 0.019144 0.99973 -0.072438 -0.020415 6.154
278 0.99992 0.0019065 -0.012149 -0.0021447 0.99981 -0.019623 0.01211 0.019648 0.99973 -0.072617 -0.020343 6.1715
279 0.99994 0.0012168 -0.011058 -0.0014358 0.9998 -0.019823 0.011032 0.019838 0.99974 -0.072858 -0.020762 6.1896
280 0.99995 0.0008212 -0.010116 -0.001018 0.99981 -0.019465 0.010098 0.019474 0.99976 -0.073072 -0.020927 6.2085
281 0.99995 0.0016943 -0.0093989 -0.0018658 0.99983 -0.01827 0.0093663 0.018286 0.99979 -0.073292 -0.020957 6.2286
282 0.99996 0.0022586 -0.0084529 -0.0024045 0.99985 -0.01729 0.0084126 0.017309 0.99981 -0.073571 -0.021083 6.2486
283 0.99997 0.0024749 -0.0074624 -0.0026009 0.99985 -0.016926 0.0074194 0.016944 0.99983 -0.07365 -0.021335 6.2692
284 0.99998 0.0015678 -0.006572 -0.0016757 0.99986 -0.016445 0.0065454 0.016456 0.99984 -0.073924 -0.021561 6.29
285 0.99998 0.0021398 -0.0058323 -0.0022312 0.99987 -0.015707 0.005798 0.01572 0.99986 -0.073877 -0.021933 6.3117
286 0.99999 0.0026183 -0.0045708 -0.0026875 0.99988 -0.015209 0.0045304 0.015221 0.99987 -0.074144 -0.021849 6.3337
287 0.99999 0.00185 -0.0036021 -0.0019046 0.99988 -0.01519 0.0035736 0.015197 0.99988 -0.074166 -0.022087 6.3574
288 0.99999 0.0021466 -0.0024821 -0.0021843 0.99988 -0.015271 0.002449 0.015276 0.99988 -0.074268 -0.022413 6.3807
289 1 0.0019929 -0.0013894 -0.0020129 0.99989 -0.014581 0.0013602 0.014584 0.99989 -0.074397 -0.022394 6.4047
290 1 0.0009478 -0.0004922 -0.0009548 0.99989 -0.014542 0.0004784 0.014542 0.99989 -0.07446 -0.022548 6.4293
291 1 0.0010228 0.0003573 -0.0010173 0.99989 -0.015018 -0.0003727 0.015018 0.99989 -0.074616 -0.022861 6.4542
292 1 0.0015428 0.0008047 -0.0015301 0.99988 -0.015506 -0.0008286 0.015505 0.99988 -0.074774 -0.022819 6.4803
293 1 0.0014712 0.0009542 -0.0014556 0.99987 -0.016183 -0.0009779 0.016181 0.99987 -0.074692 -0.02293 6.5071
294 1 0.0007965 0.001052 -0.0007789 0.99986 -0.016601 -0.0010651 0.0166 0.99986 -0.074801 -0.023189 6.5338
295 1 -0.000149 0.0015186 0.0001731 0.99987 -0.015831 -0.001516 0.015832 0.99987 -0.074893 -0.023688 6.5609
296 1 -0.0002735 0.0016238 0.0002978 0.99989 -0.014946 -0.0016196 0.014946 0.99989 -0.074855 -0.023556 6.5883
297 1 0.0002471 0.0016531 -0.0002247 0.99991 -0.013533 -0.0016563 0.013533 0.99991 -0.074745 -0.023905 6.6167
298 1 0.0003965 0.001971 -0.0003731 0.99993 -0.011889 -0.0019756 0.011888 0.99993 -0.074964 -0.024222 6.6446
299 1 -0.0005873 0.000798 0.0005961 0.99994 -0.011019 -0.0007914 0.011019 0.99994 -0.074721 -0.024358 6.6733
300 1 -9.29e-05 0.0005589 9.89e-05 0.99994 -0.010767 -0.0005578 0.010767 0.99994 -0.074928 -0.024377 6.7016
301 1 -0.0001955 0.0005779 0.000202 0.99994 -0.011191 -0.0005757 0.011191 0.99994 -0.07486 -0.024442 6.7299
302 1 0.0005509 0.000263 -0.0005478 0.99993 -0.011465 -0.0002693 0.011465 0.99993 -0.075052 -0.024721 6.7586
303 1 0.0005228 0.0002468 -0.0005199 0.99993 -0.011546 -0.0002529 0.011546 0.99993 -0.075081 -0.024991 6.7865
304 1 0.000187 0.0001613 -0.0001851 0.99993 -0.012034 -0.0001636 0.012034 0.99993 -0.075169 -0.025026 6.8155
305 1 0.0006868 1.78e-05 -0.0006866 0.99993 -0.012169 -2.61e-05 0.012169 0.99993 -0.074826 -0.025336 6.8429
306 1 0.0002734 -0.0003311 -0.0002776 0.99992 -0.012873 0.0003275 0.012873 0.99992 -0.074822 -0.025448 6.8717
307 1 -0.0010536 -0.0010444 0.0010406 0.99992 -0.012331 0.0010573 0.01233 0.99992 -0.075187 -0.025604 6.901
308 1 -0.0019849 -0.0023002 0.0019577 0.99993 -0.011742 0.0023233 0.011738 0.99993 -0.075463 -0.025618 6.9287
309 0.99998 -0.0045771 -0.0046212 0.0045287 0.99994 -0.010424 0.0046686 0.010403 0.99994 -0.075428 -0.026022 6.9588
310 0.99997 -0.0040455 -0.0071405 0.0039696 0.99994 -0.010605 0.0071829 0.010576 0.99992 -0.075844 -0.025801 6.9896
311 0.99994 -0.0047165 -0.0098228 0.0046226 0.99994 -0.009563 0.0098674 0.0095171 0.99991 -0.076304 -0.026287 7.0179
312 0.9999 -0.005795 -0.012667 0.0056776 0.99994 -0.0092808 0.01272 0.009208 0.99988 -0.076878 -0.026106 7.0481
313 0.99986 -0.0056151 -0.015969 0.0054676 0.99994 -0.0092649 0.01602 0.0091763 0.99983 -0.077154 -0.026646 7.0754
314 0.99978 -0.0057521 -0.020286 0.0055576 0.99994 -0.0096324 0.02034 0.0095175 0.99975 -0.077409 -0.026983 7.1044
315 0.99966 -0.0063544 -0.025213 0.0061129 0.99993 -0.0096445 0.025273 0.0094871 0.99964 -0.078285 -0.027154 7.134
316 0.99952 -0.0066206 -0.030263 0.0063331 0.99993 -0.0095858 0.030325 0.0093895 0.9995 -0.079333 -0.027452 7.1625
317 0.99935 -0.005978 -0.035626 0.0056795 0.99995 -0.0084736 0.035675 0.0082657 0.99933 -0.080766 -0.02774 7.1939
318 0.99916 -0.006005 -0.040618 0.0056989 0.99995 -0.0076488 0.040662 0.0074108 0.99915 -0.082251 -0.027887 7.2231
319 0.99892 -0.0068517 -0.045897 0.0065241 0.99995 -0.0072828 0.045944 0.0069756 0.99892 -0.083534 -0.028146 7.2521
320 0.99859 -0.0082775 -0.052466 0.0078979 0.99994 -0.0074378 0.052525 0.007013 0.99859 -0.085206 -0.028454 7.2813
321 0.99824 -0.010485 -0.05838 0.01004 0.99992 -0.0079055 0.058458 0.0073055 0.99826 -0.087263 -0.028775 7.3079
322 0.99783 -0.011747 -0.064852 0.011145 0.99989 -0.0096316 0.064958 0.0088879 0.99785 -0.089061 -0.028606 7.3364
323 0.99737 -0.012108 -0.071499 0.011413 0.99988 -0.010123 0.071613 0.0092807 0.99739 -0.091064 -0.028963 7.3647
324 0.99691 -0.012586 -0.077585 0.011722 0.99986 -0.011582 0.07772 0.010636 0.99692 -0.093389 -0.028881 7.3919
325 0.99638 -0.013599 -0.083871 0.012682 0.99985 -0.011466 0.084014 0.010361 0.99641 -0.095718 -0.029321 7.4197
326 0.99589 -0.013447 -0.089512 0.012534 0.99986 -0.01075 0.089645 0.0095843 0.99593 -0.098436 -0.029639 7.4469
327 0.99543 -0.012191 -0.094667 0.011389 0.99989 -0.0090127 0.094767 0.0078934 0.99547 -0.10138 -0.029737 7.4749
328 0.99499 -0.010097 -0.099415 0.0095158 0.99993 -0.0063165 0.099472 0.0053389 0.99503 -0.10429 -0.029878 7.5023
329 0.99457 -0.0082335 -0.10373 0.0078505 0.99996 -0.0040997 0.10376 0.0032631 0.9946 -0.10744 -0.029946 7.5293
330 0.99417 -0.0067131 -0.10761 0.0064584 0.99998 -0.0027153 0.10763 0.0020045 0.99419 -0.11031 -0.030295 7.5561
331 0.99392 -0.0049008 -0.11004 0.004589 0.99998 -0.0030862 0.11005 0.0025625 0.99392 -0.11382 -0.030253 7.583
332 0.99367 -0.0031374 -0.11228 0.0026396 0.99999 -0.0045819 0.1123 0.0042565 0.99367 -0.11683 -0.030267 7.6088
333 0.99356 -0.0020538 -0.1133 0.0014425 0.99998 -0.0054774 0.11331 0.0052787 0.99355 -0.12004 -0.030497 7.6351
334 0.99348 -0.000347 -0.11397 -0.0004422 0.99998 -0.0068992 0.11397 0.0069046 0.99346 -0.12292 -0.030612 7.6615
335 0.99352 0.0006159 -0.11368 -0.0014907 0.99997 -0.0076105 0.11367 0.0077306 0.99349 -0.12596 -0.030825 7.6876
336 0.99362 0.0013614 -0.11278 -0.0023074 0.99996 -0.0082585 0.11276 0.008466 0.99359 -0.12945 -0.031246 7.7138
337 0.99377 0.0020556 -0.11146 -0.0031027 0.99995 -0.0092221 0.11143 0.0095105 0.99373 -0.13232 -0.031083 7.7394
338 0.99398 0.0027073 -0.10956 -0.0038189 0.99994 -0.0099374 0.10953 0.010296 0.99393 -0.13519 -0.031456 7.7649
339 0.99423 0.0036479 -0.1072 -0.0049284 0.99992 -0.011682 0.10715 0.012143 0.99417 -0.138 -0.031724 7.79
340 0.99455 0.0049784 -0.10411 -0.0063619 0.9999 -0.01296 0.10404 0.013552 0.99448 -0.14083 -0.031744 7.8147
341 0.99491 0.0073123 -0.10055 -0.0086381 0.99988 -0.012758 0.10044 0.013561 0.99485 -0.14367 -0.032135 7.8397
342 0.99535 0.0092188 -0.095876 -0.010361 0.99988 -0.011418 0.095759 0.012358 0.99533 -0.14647 -0.032199 7.8633
343 0.99585 0.011462 -0.09029 -0.012348 0.99988 -0.0092563 0.090173 0.010333 0.99587 -0.14884 -0.032579 7.8871
344 0.99639 0.012558 -0.08396 -0.013234 0.99988 -0.007503 0.083856 0.008587 0.99644 -0.15077 -0.032772 7.9109
345 0.99699 0.012653 -0.076475 -0.013189 0.99989 -0.0065035 0.076384 0.0074925 0.99705 -0.15261 -0.033162 7.9338
346 0.99749 0.014209 -0.069309 -0.014765 0.99986 -0.0075179 0.069193 0.0085224 0.99757 -0.15378 -0.033292 7.9555
347 0.99801 0.01536 -0.061116 -0.015929 0.99983 -0.0088457 0.06097 0.0098017 0.99809 -0.15516 -0.033363 7.9773
348 0.9985 0.016112 -0.052346 -0.016662 0.99981 -0.010102 0.052173 0.010959 0.99858 -0.1563 -0.033546 7.9984
349 0.99893 0.016477 -0.043314 -0.016985 0.99979 -0.011385 0.043118 0.012108 0.999 -0.15714 -0.033696 8.0192
350 0.99932 0.015681 -0.033347 -0.016118 0.99979 -0.012886 0.033138 0.013414 0.99936 -0.15797 -0.034085 8.0398
351 0.99959 0.016944 -0.023041 -0.017264 0.99976 -0.013746 0.022802 0.014139 0.99964 -0.15846 -0.034612 8.0594
