1 0 0 0 0 0 0 0 0 0 0 0 0
2 0 0 0 0 0 0 0 0 0 -0.00037176 4.6038e-05 0.0050778
3 0 0 0 0 0 0 0 0 0 -0.00074353 9.2075e-05 0.010156
4 0 0 0 0 0 0 0 0 0 -0.0011153 0.00013811 0.015233
5 0 0 0 0 0 0 0 0 0 -0.001487 0.00018415 0.020311
6 0 0 0 0 0 0 0 0 0 -0.0018588 0.00023019 0.025389
7 0 0 0 0 0 0 0 0 0 -0.0022306 0.00027623 0.030467
8 0 0 0 0 0 0 0 0 0 -0.0026023 0.00032226 0.035545
9 1 -0.0011272 0.0009206 0.0011268 1 0.0004278 -0.0009211 -0.0004268 1 -0.0029741 0.0003683 0.040623
10 1 -0.0005115 0.0007929 0.0005113 1 0.0002884 -0.000793 -0.000288 1 -0.0033378 0.0005261 0.04536
11 1 -0.000384 0.0010729 0.000384 1 5.69e-05 -0.0010729 -5.65e-05 1 -0.0035619 0.0006729 0.049789
12 1 0.0003387 0.0011675 -0.0003386 1 -7.25e-05 -0.0011675 7.21e-05 1 -0.0036922 0.0007196 0.054216
13 1 -7.6e-06 0.0005997 7.6e-06 1 4.58e-05 -0.0005997 -4.57e-05 1 -0.0034674 0.0007864 0.058525
14 1 -0.0001673 7.19e-05 0.0001673 1 -0.000159 -7.18e-05 0.000159 1 -0.0033743 0.0008093 0.062964
15 1 -6.59e-05 6.11e-05 6.59e-05 1 -0.0006295 -6.11e-05 0.0006295 1 -0.0034062 0.0007929 0.066519
16 1 0.0004793 -0.0002116 -0.0004794 1 -0.000649 0.0002113 0.0006491 1 -0.0034515 0.0007626 0.070945
17 1 0.0008537 -0.0008731 -0.0008541 1 -0.0003966 0.0008728 0.0003974 1 -0.0030911 0.000744 0.075121
18 1 0.001222 -0.0009939 -0.0012224 1 -0.000312 0.0009935 0.0003132 1 -0.0029171 0.0006679 0.078937
19 1 0.0014887 -0.0010974 -0.0014891 1 -0.0003174 0.001097 0.000319 1 -0.0028415 0.0005898 0.082652
20 1 0.0013865 -0.0011908 -0.0013874 1 -0.0008057 0.0011897 0.0008073 1 -0.0029178 0.000773 0.086742
21 1 0.0011753 -0.0012988 -0.0011765 1 -0.0009016 0.0012977 0.0009031 1 -0.0028475 0.0007646 0.090826
22 1 0.001114 -0.0019457 -0.0011153 1 -0.0006831 0.0019449 0.0006853 1 -0.002841 0.0006604 0.095291
23 1 0.0006405 -0.0024436 -0.0006418 1 -0.0005302 0.0024432 0.0005318 1 -0.0025726 0.0005233 0.099409
24 1 0.0009409 -0.0023079 -0.0009427 1 -0.0007648 0.0023072 0.0007669 1 -0.0025095 0.0005781 0.10277
25 1 0.0006643 -0.0023719 -0.0006649 1 -0.0002626 0.0023717 0.0002642 1 -0.0025361 0.0004457 0.10693
26 1 0.0016084 -0.0020006 -0.001608 1 0.0002002 0.0020009 -0.000197 1 -0.0026324 0.0004667 0.11006
27 1 0.0016589 -0.0019474 -0.0016582 1 0.0003243 0.0019479 -0.0003211 1 -0.0027607 0.0003566 0.11382
28 1 0.0021652 -0.0021124 -0.0021651 1 7.59e-05 0.0021126 -7.14e-05 1 -0.0027992 0.0003142 0.11757
29 1 0.0022897 -0.0019374 -0.0022886 1 0.0005742 0.0019387 -0.0005697 1 -0.0027471 0.0003396 0.12093
30 1 0.0022949 -0.0018243 -0.0022933 1 0.0008979 0.0018263 -0.0008938 1 -0.0028945 0.0002995 0.12448
31 1 0.001747 -0.0020593 -0.0017458 1 0.0006012 0.0020603 -0.0005976 1 -0.0027763 0.0002893 0.12847
32 1 0.0016884 -0.0020268 -0.0016875 1 0.0004271 0.0020275 -0.0004236 1 -0.0026046 0.0004239 0.13203
33 1 0.0021146 -0.0018127 -0.0021137 1 0.000536 0.0018138 -0.0005322 1 -0.0027084 0.0004164 0.13565
34 1 0.002603 -0.0012804 -0.0026023 1 0.0005376 0.0012818 -0.0005343 1 -0.0029398 0.0003565 0.13827
35 0.99999 0.0031672 -0.0010075 -0.0031678 0.99999 -0.0005757 0.0010057 0.0005789 1 -0.0031523 0.0003815 0.14156
36 1 0.0027455 -0.0011557 -0.002747 1 -0.0013635 0.001152 0.0013667 1 -0.0031628 0.0003413 0.14508
37 1 0.0028015 -0.0013136 -0.0028044 0.99999 -0.0021657 0.0013075 0.0021694 1 -0.0031719 0.0004953 0.14884
38 0.99999 0.0027214 -0.001654 -0.0027253 0.99999 -0.0023331 0.0016477 0.0023376 1 -0.0032057 0.0004792 0.15261
39 0.99999 0.002836 -0.0020828 -0.0028416 0.99999 -0.0026932 0.0020752 0.0026991 0.99999 -0.0032343 0.0005699 0.15661
40 0.99999 0.0031681 -0.0023197 -0.003176 0.99999 -0.0034215 0.0023089 0.0034288 0.99999 -0.003309 0.0008127 0.16022
41 0.99999 0.0025391 -0.0029413 -0.0025486 0.99999 -0.0032473 0.002933 0.0032548 0.99999 -0.0032792 0.0006149 0.1638
42 0.99999 0.0026207 -0.003759 -0.0026342 0.99999 -0.0035709 0.0037496 0.0035808 0.99999 -0.0033715 0.0005812 0.16748
43 0.99999 0.0027306 -0.0043498 -0.002747 0.99999 -0.0037715 0.0043394 0.0037834 0.99998 -0.0036549 0.0005628 0.17166
44 0.99998 0.0032204 -0.005358 -0.0032437 0.99999 -0.0043482 0.0053439 0.0043655 0.99998 -0.0035432 0.0007011 0.17639
45 0.99998 0.0034986 -0.0060231 -0.0035276 0.99998 -0.004818 0.0060061 0.0048391 0.99997 -0.0037171 0.0007157 0.18087
46 0.99997 0.0032234 -0.007072 -0.0032621 0.99998 -0.0054679 0.0070542 0.0054908 0.99996 -0.0034856 0.0008299 0.18577
47 0.99997 0.003039 -0.0076515 -0.0030816 0.99998 -0.0055596 0.0076345 0.005583 0.99996 -0.0037111 0.0007955 0.19028
48 0.99996 0.0035961 -0.0086499 -0.0036476 0.99998 -0.0059422 0.0086284 0.0059735 0.99994 -0.003746 0.0008302 0.19572
49 0.99995 0.0029807 -0.0093832 -0.0030369 0.99998 -0.0059774 0.0093651 0.0060056 0.99994 -0.0038382 0.0008589 0.20097
50 0.99995 0.003302 -0.0090407 -0.0033621 0.99997 -0.0066392 0.0090186 0.0066693 0.99994 -0.0042619 0.001033 0.20616
51 0.99995 0.0034728 -0.0093036 -0.0035334 0.99997 -0.0065051 0.0092808 0.0065377 0.99994 -0.004228 0.0009226 0.21166
52 0.99994 0.0042495 -0.0096055 -0.0043113 0.99997 -0.006424 0.0095779 0.006465 0.99993 -0.0042399 0.0008547 0.21731
53 0.99994 0.0031058 -0.010144 -0.0031687 0.99998 -0.0061855 0.010125 0.0062172 0.99993 -0.0044284 0.0008039 0.22362
54 0.99994 0.0029776 -0.010389 -0.0030451 0.99997 -0.0064846 0.010369 0.0065159 0.99992 -0.0044582 0.000847 0.22987
55 0.99994 0.0030663 -0.010172 -0.0031368 0.99997 -0.0069239 0.010151 0.0069555 0.99992 -0.0046428 0.0008983 0.23636
56 0.99994 0.0028636 -0.010322 -0.0029352 0.99997 -0.0069304 0.010302 0.0069603 0.99992 -0.004665 0.0010474 0.2431
57 0.99994 0.0034795 -0.010644 -0.0035554 0.99997 -0.0071149 0.010619 0.0071523 0.99992 -0.0049022 0.0010782 0.24958
58 0.99994 0.0035132 -0.01063 -0.003591 0.99997 -0.0073121 0.010604 0.0073498 0.99992 -0.0049633 0.001095 0.25624
59 0.99994 0.0032049 -0.010489 -0.0032842 0.99997 -0.0075584 0.010464 0.0075924 0.99992 -0.0049433 0.0010795 0.26331
60 0.99994 0.0033984 -0.010242 -0.003476 0.99997 -0.0075626 0.010216 0.0075977 0.99992 -0.0051259 0.001121 0.27024
61 0.99994 0.003675 -0.010505 -0.0037486 0.99997 -0.0069956 0.010479 0.0070346 0.99992 -0.0053025 0.0012292 0.27764
62 0.99994 0.0035419 -0.010362 -0.003614 0.99997 -0.006943 0.010337 0.00698 0.99992 -0.0054631 0.001264 0.28519
63 0.99994 0.0034659 -0.010306 -0.0035354 0.99997 -0.0067323 0.010282 0.0067683 0.99992 -0.0055222 0.0013141 0.29289
64 0.99994 0.0042295 -0.010415 -0.0042876 0.99998 -0.0055611 0.010391 0.0056054 0.99993 -0.00574 0.0014757 0.30098
65 0.99994 0.0038091 -0.010535 -0.0038455 0.99999 -0.0034311 0.010522 0.0034714 0.99994 -0.0058582 0.0013878 0.3093
66 0.99994 0.0032192 -0.010379 -0.0032287 0.99999 -0.000895 0.010376 0.0009285 0.99995 -0.0060225 0.0014078 0.31718
67 0.99994 0.0036234 -0.01063 -0.0036141 0.99999 0.000897 0.010633 -0.0008585 0.99994 -0.0060818 0.0013314 0.32484
68 0.99993 0.0041669 -0.010623 -0.004147 0.99999 0.0018866 0.010631 -0.0018425 0.99994 -0.0063055 0.0013955 0.33212
69 0.99993 0.0040705 -0.011126 -0.004045 0.99999 0.002307 0.011135 -0.0022618 0.99994 -0.0063537 0.0013338 0.34015
70 0.99992 0.003801 -0.011676 -0.0037718 0.99999 0.0025225 0.011686 -0.0024783 0.99993 -0.0064778 0.0014324 0.34788
71 0.99992 0.0041679 -0.011945 -0.004143 0.99999 0.0021091 0.011954 -0.0020595 0.99993 -0.0066102 0.0016025 0.35404
72 0.99992 0.0037361 -0.011972 -0.0037087 0.99999 0.0023076 0.01198 -0.002263 0.99993 -0.0067641 0.0017166 0.36091
73 0.99992 0.003966 -0.012043 -0.0039293 0.99999 0.0030698 0.012056 -0.0030223 0.99992 -0.0070122 0.0015674 0.3679
74 0.99991 0.0047831 -0.012618 -0.0047447 0.99998 0.0030734 0.012632 -0.0030132 0.99992 -0.0070523 0.0017026 0.37545
75 0.99991 0.0045435 -0.013005 -0.0045081 0.99999 0.0027479 0.013017 -0.002689 0.99991 -0.0072961 0.0017517 0.38322
76 0.9999 0.0044617 -0.013262 -0.0044273 0.99999 0.0026263 0.013273 -0.0025674 0.99991 -0.0074066 0.0018423 0.39098
77 0.99989 0.0045722 -0.013847 -0.0045277 0.99998 0.0032424 0.013862 -0.0031794 0.9999 -0.0075116 0.0018921 0.3988
78 0.99989 0.0050108 -0.013626 -0.0049678 0.99998 0.0031855 0.013642 -0.0031175 0.9999 -0.0078122 0.0019252 0.4054
79 0.99989 0.0055865 -0.01385 -0.0055525 0.99998 0.0024914 0.013864 -0.0024142 0.9999 -0.0078658 0.0020615 0.41265
80 0.99989 0.0053553 -0.014145 -0.0053137 0.99998 0.0029795 0.01416 -0.002904 0.9999 -0.0081317 0.0021003 0.41981
81 0.99988 0.0055177 -0.014575 -0.0054761 0.99998 0.0028931 0.01459 -0.0028129 0.99989 -0.0082814 0.0021957 0.42736
82 0.99987 0.0049712 -0.015008 -0.0049405 0.99999 0.0020779 0.015018 -0.0020035 0.99989 -0.0084117 0.0022072 0.43473
83 0.99988 0.0049585 -0.014937 -0.0049332 0.99999 0.001729 0.014946 -0.0016551 0.99989 -0.0086437 0.0021898 0.44129
84 0.99987 0.005351 -0.015412 -0.0053347 0.99999 0.0011016 0.015417 -0.0010192 0.99988 -0.0088776 0.002319 0.44869
85 0.99986 0.005093 -0.015651 -0.0050907 0.99999 0.0001905 0.015651 -0.0001108 0.99988 -0.0089727 0.0024173 0.45579
86 0.99986 0.0054667 -0.015499 -0.0054675 0.99999 -8.6e-06 0.015499 9.33e-05 0.99988 -0.0092162 0.0024202 0.46235
87 0.99986 0.005797 -0.015624 -0.0057975 0.99998 1.27e-05 0.015624 7.78e-05 0.99988 -0.0093873 0.0024426 0.46961
88 0.99986 0.0060885 -0.015637 -0.0060891 0.99998 7.8e-06 0.015637 8.74e-05 0.99988 -0.0095532 0.0025866 0.47669
89 0.99987 0.0060492 -0.015218 -0.0060565 0.99998 -0.0004383 0.015215 0.0005304 0.99988 -0.0098057 0.0025839 0.48365
90 0.99987 0.0056433 -0.014864 -0.0056479 0.99998 -0.0002645 0.014862 0.0003484 0.99989 -0.0098853 0.0024785 0.49023
91 0.99987 0.0060751 -0.014969 -0.0060855 0.99998 -0.0006512 0.014965 0.0007422 0.99989 -0.010097 0.0024899 0.49721
92 0.99987 0.0064771 -0.014647 -0.0064875 0.99998 -0.0006632 0.014643 0.0007582 0.99989 -0.010212 0.0025331 0.50397
93 0.99988 0.0061095 -0.014565 -0.0061154 0.99998 -0.0003653 0.014563 0.0004543 0.99989 -0.010333 0.0025747 0.51089
94 0.99987 0.0064553 -0.014768 -0.0064563 0.99998 -1.97e-05 0.014767 0.000115 0.99989 -0.010462 0.002675 0.51771
95 0.99987 0.0064716 -0.014509 -0.0064651 0.99998 0.0004897 0.014512 -0.0003958 0.99989 -0.010754 0.0025644 0.52424
96 0.99989 0.0058318 -0.013791 -0.0058244 0.99998 0.0005787 0.013794 -0.0004984 0.9999 -0.011051 0.0024951 0.53017
97 0.99989 0.0058694 -0.013794 -0.0058618 0.99998 0.0005871 0.013797 -0.0005062 0.9999 -0.011104 0.0025136 0.53713
98 0.99988 0.0059053 -0.014204 -0.0059026 0.99998 0.0002318 0.014205 -0.000148 0.9999 -0.01121 0.0026828 0.54394
99 0.99988 0.0064031 -0.01386 -0.006409 0.99998 -0.0003878 0.013857 0.0004766 0.9999 -0.011432 0.0027764 0.55077
100 0.99989 0.0067098 -0.01356 -0.0067156 0.99998 -0.0003848 0.013558 0.0004758 0.99991 -0.011614 0.0028203 0.55726
101 0.99989 0.0061044 -0.013406 -0.0061032 0.99998 0.0001289 0.013407 -4.71e-05 0.99991 -0.011803 0.002833 0.56367
102 0.99989 0.0063584 -0.01345 -0.0063563 0.99998 0.0001987 0.013451 -0.0001132 0.99991 -0.012014 0.0029146 0.57023
103 0.99989 0.0056752 -0.013511 -0.0056728 0.99998 0.000215 0.013512 -0.0001384 0.99991 -0.01213 0.0029016 0.57684
104 0.99989 0.0055017 -0.013703 -0.0054944 0.99998 0.0005697 0.013706 -0.0004943 0.99991 -0.012212 0.0030253 0.58356
105 0.99988 0.0062513 -0.014204 -0.0062394 0.99998 0.0008836 0.014209 -0.0007949 0.9999 -0.012392 0.0030492 0.58985
106 0.99987 0.0060136 -0.014624 -0.0060014 0.99998 0.0008768 0.014629 -0.000789 0.99989 -0.012509 0.0030053 0.59606
107 0.99987 0.0059527 -0.014841 -0.0059431 0.99998 0.0006909 0.014845 -0.0006027 0.99989 -0.012684 0.0030661 0.60246
108 0.99986 0.0060079 -0.015482 -0.0059932 0.99998 0.0009965 0.015488 -0.0009036 0.99988 -0.01276 0.0031008 0.60819
109 0.99985 0.0062795 -0.016389 -0.0062589 0.99998 0.0013077 0.016397 -0.0012049 0.99986 -0.012919 0.0031801 0.61449
110 0.99983 0.0060186 -0.017244 -0.0059901 0.99998 0.0017045 0.017254 -0.0016009 0.99985 -0.013198 0.003128 0.62083
111 0.99982 0.0057166 -0.017922 -0.0056931 0.99998 0.0013652 0.01793 -0.0012629 0.99984 -0.013324 0.0031637 0.62709
112 0.9998 0.0057932 -0.018976 -0.00577 0.99998 0.001277 0.018983 -0.0011672 0.99982 -0.013475 0.0032404 0.63334
113 0.99978 0.0059444 -0.020152 -0.0059109 0.99998 0.0017216 0.020162 -0.0016021 0.9998 -0.013662 0.0033012 0.63954
114 0.99976 0.0061013 -0.021033 -0.0060567 0.99998 0.0021838 0.021046 -0.0020559 0.99978 -0.013901 0.0032869 0.64589
115 0.99975 0.0056438 -0.021689 -0.0056134 0.99998 0.0014599 0.021697 -0.0013378 0.99976 -0.014229 0.0033416 0.65186
116 0.99973 0.0056048 -0.022713 -0.0055631 0.99998 0.0018965 0.022723 -0.0017696 0.99974 -0.014334 0.0032911 0.65793
117 0.9997 0.0058199 -0.023816 -0.0057702 0.99998 0.0021547 0.023828 -0.0020166 0.99971 -0.014501 0.0033317 0.66363
118 0.99968 0.005986 -0.024421 -0.0059379 0.99998 0.0020429 0.024433 -0.0018972 0.9997 -0.014803 0.0033571 0.66965
119 0.99967 0.0058115 -0.025018 -0.005773 0.99998 0.0016111 0.025027 -0.0014662 0.99969 -0.015013 0.0034381 0.67546
120 0.99965 0.0055659 -0.026051 -0.0055131 0.99998 0.0020983 0.026062 -0.0019539 0.99966 -0.015136 0.0033558 0.68139
121 0.99962 0.0063309 -0.02693 -0.0062861 0.99998 0.0017454 0.026941 -0.0015755 0.99964 -0.015403 0.0034244 0.68735
122 0.99959 0.0061501 -0.0279 -0.0060889 0.99998 0.0022802 0.027914 -0.0021093 0.99961 -0.01556 0.0033747 0.69302
123 0.99958 0.0066117 -0.028337 -0.0065559 0.99998 0.0020622 0.02835 -0.0018755 0.9996 -0.015819 0.0034756 0.69851
124 0.99956 0.0067578 -0.028728 -0.0066859 0.99997 0.0026002 0.028745 -0.002407 0.99958 -0.016042 0.0034376 0.70412
125 0.99954 0.0077073 -0.029253 -0.0076221 0.99997 0.0030252 0.029276 -0.0028009 0.99957 -0.016218 0.0034914 0.70975
126 0.99953 0.0075411 -0.029724 -0.0074517 0.99997 0.0031175 0.029746 -0.0028945 0.99955 -0.016477 0.0034853 0.71511
127 0.99951 0.0082064 -0.030053 -0.0081379 0.99996 0.0024027 0.030072 -0.002157 0.99955 -0.016655 0.0035125 0.72056
128 0.99953 0.0076539 -0.029843 -0.0075789 0.99997 0.0026277 0.029862 -0.0024003 0.99955 -0.016977 0.0035454 0.72619
129 0.99953 0.0078308 -0.029676 -0.0077429 0.99997 0.0030762 0.029699 -0.002845 0.99955 -0.017115 0.0035673 0.73145
130 0.99953 0.0082231 -0.029624 -0.0081402 0.99996 0.002917 0.029647 -0.0026745 0.99956 -0.017393 0.0035999 0.73673
131 0.99952 0.0088154 -0.029755 -0.0087474 0.99996 0.0024167 0.029775 -0.0021553 0.99955 -0.017547 0.0036592 0.74195
132 0.99952 0.0085637 -0.029761 -0.0084998 0.99996 0.0022725 0.02978 -0.0020184 0.99955 -0.017736 0.003717 0.74713
133 0.99953 0.0080791 -0.029688 -0.0080081 0.99996 0.0025094 0.029707 -0.0022705 0.99956 -0.017896 0.0037256 0.7522
134 0.99953 0.0084473 -0.029592 -0.0083808 0.99996 0.0023708 0.029611 -0.0021217 0.99956 -0.018173 0.0038543 0.75729
135 0.99953 0.0089461 -0.029422 -0.008877 0.99996 0.0024794 0.029443 -0.002217 0.99956 -0.018471 0.0038264 0.76223
136 0.99951 0.0094289 -0.029709 -0.009354 0.99995 0.0026591 0.029733 -0.0023799 0.99956 -0.018605 0.0039032 0.76736
137 0.99951 0.0091664 -0.029896 -0.009079 0.99995 0.0030601 0.029922 -0.0027872 0.99955 -0.018798 0.0038755 0.77228
138 0.9995 0.0097876 -0.030015 -0.0097257 0.99995 0.0022079 0.030035 -0.0019149 0.99955 -0.018954 0.0039947 0.77722
139 0.99948 0.0096786 -0.030624 -0.0096239 0.99995 0.0019325 0.030642 -0.0016368 0.99953 -0.019161 0.0040066 0.78199
140 0.99947 0.0096092 -0.031073 -0.0095394 0.99995 0.0023947 0.031095 -0.002097 0.99951 -0.019362 0.0040072 0.78677
141 0.99946 0.0096379 -0.031381 -0.0095699 0.99995 0.0023158 0.031402 -0.0020142 0.9995 -0.019534 0.004051 0.7916
142 0.99946 0.0093733 -0.031495 -0.0093135 0.99995 0.0020452 0.031513 -0.0017508 0.9995 -0.019808 0.0040434 0.79591
143 0.99945 0.0097238 -0.031733 -0.0096713 0.99995 0.0018077 0.031749 -0.0014998 0.99949 -0.020009 0.0041072 0.8005
144 0.99943 0.0097579 -0.032237 -0.0096983 0.99995 0.0020062 0.032255 -0.0016924 0.99948 -0.020126 0.0040448 0.80479
145 0.99941 0.010381 -0.032631 -0.010345 0.99995 0.0012617 0.032642 -0.0009234 0.99947 -0.020266 0.0041144 0.80944
146 0.99942 0.01016 -0.032601 -0.010132 0.99995 0.0010104 0.03261 -0.0006795 0.99947 -0.020469 0.0040908 0.81365
147 0.99942 0.010018 -0.032667 -0.0099999 0.99995 0.0007237 0.032673 -0.0003966 0.99947 -0.020641 0.0040986 0.8182
148 0.99942 0.010554 -0.032223 -0.010548 0.99994 0.0003611 0.032225 -2.1e-05 0.99948 -0.020855 0.004141 0.82235
149 0.99943 0.010379 -0.032039 -0.010364 0.99995 0.0006396 0.032044 -0.0003072 0.99949 -0.021019 0.0041016 0.82686
150 0.99943 0.010588 -0.032061 -0.010587 0.99994 0.0002256 0.032061 0.0001139 0.99949 -0.021192 0.0041234 0.83152
151 0.99943 0.010606 -0.03196 -0.010608 0.99994 0.0001177 0.03196 0.0002214 0.99949 -0.021341 0.0041281 0.83586
152 0.99944 0.010287 -0.031958 -0.010298 0.99995 -0.0001911 0.031954 0.0005201 0.99949 -0.021527 0.0041001 0.84036
153 0.99945 0.0099762 -0.031535 -0.009994 0.99995 -0.0004098 0.031529 0.0007248 0.9995 -0.02184 0.004082 0.8447
154 0.99946 0.0093025 -0.031626 -0.0093166 0.99996 -0.0002993 0.031622 0.0005938 0.9995 -0.021904 0.0041378 0.84926
155 0.99945 0.0099263 -0.031709 -0.0099519 0.99995 -0.0006507 0.0317 0.0009659 0.9995 -0.022117 0.004172 0.85392
156 0.99945 0.010315 -0.031506 -0.010379 0.99994 -0.0018689 0.031485 0.0021949 0.9995 -0.022395 0.0042364 0.85834
157 0.99947 0.0095568 -0.031167 -0.0096766 0.99995 -0.0036948 0.03113 0.0039945 0.99951 -0.02253 0.0043168 0.86328
158 0.99951 0.0089497 -0.0301 -0.0090993 0.99995 -0.0048356 0.030055 0.0051071 0.99954 -0.022794 0.004145 0.86778
159 0.99955 0.0094718 -0.02861 -0.0096202 0.99994 -0.0050535 0.028561 0.0053264 0.99958 -0.022985 0.0041664 0.87261
160 0.99959 0.01053 -0.026466 -0.010649 0.99993 -0.0043363 0.026419 0.0046163 0.99964 -0.023195 0.0042445 0.87749
161 0.99965 0.011484 -0.023864 -0.011566 0.99993 -0.0033058 0.023825 0.0035807 0.99971 -0.02331 0.0042624 0.88267
162 0.99972 0.012034 -0.020272 -0.01211 0.99992 -0.0036513 0.020226 0.0038958 0.99979 -0.02346 0.0043149 0.88786
163 0.99981 0.011739 -0.015453 -0.011802 0.99992 -0.0040447 0.015405 0.0042263 0.99987 -0.023531 0.0043925 0.89311
164 0.99989 0.010424 -0.010293 -0.010458 0.99994 -0.0033384 0.010258 0.0034457 0.99994 -0.023621 0.0043973 0.89863
165 0.99994 0.0092528 -0.0051401 -0.0092671 0.99995 -0.0027554 0.0051143 0.0028028 0.99998 -0.023638 0.0043311 0.90424
166 0.99995 0.0096204 -6.15e-05 -0.0096205 0.99995 -0.0033565 2.92e-05 0.0033569 0.99999 -0.023428 0.0045175 0.91037
167 0.99993 0.010843 0.0056838 -0.010814 0.99993 -0.0050099 -0.0057377 0.004948 0.99997 -0.02335 0.0045556 0.91646
168 0.99987 0.011393 0.011418 -0.011311 0.99991 -0.0072398 -0.0115 0.0071097 0.99991 -0.023377 0.0047933 0.92222
169 0.99979 0.011764 0.017035 -0.011643 0.99991 -0.0071698 -0.017118 0.0069699 0.99983 -0.023383 0.0047173 0.92832
170 0.99968 0.010481 0.022861 -0.010351 0.99993 -0.0057789 -0.02292 0.0055404 0.99972 -0.023374 0.004728 0.93447
171 0.99953 0.010355 0.028708 -0.01021 0.99993 -0.0051668 -0.02876 0.0048713 0.99957 -0.02322 0.0046653 0.94129
172 0.99936 0.010354 0.034337 -0.010172 0.99993 -0.0054499 -0.034392 0.0050971 0.9994 -0.022883 0.004792 0.94829
173 0.99914 0.010959 0.039986 -0.010742 0.99993 -0.0056223 -0.040045 0.0051879 0.99918 -0.022575 0.0048355 0.95555
174 0.99889 0.010084 0.046009 -0.0098194 0.99993 -0.005969 -0.046066 0.0055106 0.99892 -0.02233 0.0049003 0.96222
175 0.99859 0.0097093 0.052204 -0.0094392 0.99994 -0.0054192 -0.052254 0.0049188 0.99862 -0.021963 0.004939 0.96952
176 0.99828 0.010273 0.05771 -0.010006 0.99994 -0.0049306 -0.057758 0.0043448 0.99832 -0.021431 0.0049687 0.97698
177 0.99791 0.010183 0.063799 -0.0098536 0.99994 -0.0054706 -0.063851 0.0048305 0.99795 -0.021019 0.0050625 0.98472
178 0.99749 0.010004 0.070134 -0.0096507 0.99994 -0.0053821 -0.070183 0.0046917 0.99752 -0.020738 0.0051415 0.99233
179 0.9971 0.010166 0.075442 -0.0098138 0.99994 -0.0050337 -0.075489 0.0042787 0.99714 -0.020162 0.0051546 1.0004
180 0.99667 0.010299 0.080932 -0.0099307 0.99994 -0.0049529 -0.080978 0.0041326 0.99671 -0.019448 0.005326 1.0085
181 0.99615 0.010785 0.08695 -0.010385 0.99993 -0.0050561 -0.086999 0.0041337 0.9962 -0.018835 0.0054424 1.0168
182 0.99574 0.010769 0.09153 -0.010391 0.99994 -0.0046028 -0.091574 0.0036321 0.99579 -0.018015 0.0055228 1.0251
183 0.99527 0.010375 0.096604 -0.0099607 0.99994 -0.0047698 -0.096648 0.003785 0.99531 -0.017227 0.0055823 1.0335
184 0.9949 0.0098542 0.10041 -0.0094313 0.99994 -0.0046861 -0.10045 0.0037152 0.99494 -0.01629 0.0056854 1.0422
185 0.99466 0.0096934 0.10275 -0.0093131 0.99995 -0.0041803 -0.10279 0.003201 0.9947 -0.015391 0.005804 1.0508
186 0.9945 0.0086791 0.10436 -0.008294 0.99996 -0.0041237 -0.10439 0.0032355 0.99453 -0.014728 0.0058576 1.0596
187 0.99445 0.0082338 0.10488 -0.0078307 0.99996 -0.0042552 -0.10491 0.0034103 0.99448 -0.013881 0.0058044 1.0685
188 0.99447 0.0087604 0.10462 -0.008268 0.99995 -0.0051396 -0.10466 0.0042463 0.9945 -0.013032 0.0059988 1.0778
189 0.99457 0.0094059 0.10363 -0.0088111 0.99994 -0.006196 -0.10368 0.0052493 0.9946 -0.012122 0.0062105 1.0871
190 0.99471 0.0086873 0.10239 -0.0081315 0.99995 -0.0058446 -0.10243 0.0049811 0.99473 -0.011192 0.0060225 1.096
191 0.99487 0.0087515 0.10082 -0.0080934 0.99994 -0.0069337 -0.10088 0.006082 0.99488 -0.010335 0.0062345 1.1054
192 0.99504 0.0085164 0.099098 -0.0079302 0.99995 -0.006308 -0.099146 0.0054909 0.99506 -0.0094839 0.0061479 1.1145
193 0.99533 0.0084283 0.096167 -0.0078635 0.99995 -0.0062508 -0.096215 0.0054654 0.99535 -0.0086439 0.0061915 1.1241
194 0.99567 0.0079392 0.092599 -0.0073608 0.99995 -0.0065856 -0.092646 0.0058754 0.99568 -0.0076486 0.0063012 1.1343
195 0.99606 0.0082053 0.088278 -0.0077386 0.99995 -0.0056284 -0.08832 0.0049231 0.99608 -0.0068892 0.0062875 1.1442
196 0.99648 0.0078221 0.083513 -0.0074692 0.99996 -0.0045378 -0.083545 0.003898 0.9965 -0.0059926 0.0063494 1.1547
197 0.99686 0.0073263 0.078817 -0.0071033 0.99997 -0.0031093 -0.078837 0.0025397 0.99688 -0.0052964 0.0063651 1.1648
198 0.99723 0.0072056 0.073989 -0.0070606 0.99997 -0.0022215 -0.074003 0.0016929 0.99726 -0.0046174 0.0063779 1.1748
199 0.99761 0.0066197 0.068766 -0.0065137 0.99998 -0.0017652 -0.068776 0.0013131 0.99763 -0.0040632 0.0064439 1.1848
200 0.99797 0.0068218 0.06324 -0.0067293 0.99998 -0.0016765 -0.06325 0.0012476 0.998 -0.0034962 0.0066234 1.1948
201 0.99831 0.0074708 0.057573 -0.0073751 0.99997 -0.0018744 -0.057585 0.0014466 0.99834 -0.0030392 0.0066929 1.2047
202 0.99861 0.0074015 0.052249 -0.0073139 0.99997 -0.0018693 -0.052261 0.0014845 0.99863 -0.0027519 0.0067242 1.2145
203 0.99889 0.0081644 0.046388 -0.0080619 0.99996 -0.0023962 -0.046407 0.0020195 0.99892 -0.0024114 0.0068193 1.2244
204 0.99914 0.0076314 0.04082 -0.0075486 0.99997 -0.0021831 -0.040835 0.0018731 0.99916 -0.0020251 0.0067945 1.2339
205 0.99936 0.0080623 0.034882 -0.0079849 0.99997 -0.0023596 -0.0349 0.0020796 0.99939 -0.0017548 0.0069149 1.2437
206 0.99952 0.0083408 0.029811 -0.0082822 0.99996 -0.0020867 -0.029828 0.0018388 0.99955 -0.0014855 0.0069577 1.2534
207 0.99966 0.009493 0.024394 -0.0094506 0.99995 -0.0018519 -0.02441 0.0016207 0.9997 -0.0014543 0.0070082 1.263
208 0.99976 0.010136 0.01923 -0.010102 0.99995 -0.0018882 -0.019248 0.0016934 0.99981 -0.0013074 0.0070518 1.2728
209 0.99986 0.0097546 0.013797 -0.0097262 0.99995 -0.0021244 -0.013817 0.0019899 0.9999 -0.0012743 0.0071137 1.2822
210 0.99992 0.0092174 0.0089464 -0.0092042 0.99996 -0.0015089 -0.00896 0.0014264 0.99996 -0.0012531 0.0071199 1.2908
211 0.99994 0.01059 0.0041319 -0.010582 0.99994 -0.0021877 -0.0041549 0.0021438 0.99999 -0.0013664 0.0071894 1.3
212 0.99994 0.010792 -0.000155 -0.010792 0.99994 -0.0020624 0.0001327 0.002064 1 -0.0014289 0.0070726 1.3094
213 0.99993 0.011215 -0.0042714 -0.011222 0.99994 -0.0017025 0.004252 0.0017503 0.99999 -0.0016546 0.0071087 1.3188
214 0.9999 0.012023 -0.0073757 -0.01204 0.99992 -0.0022857 0.0073476 0.0023743 0.99997 -0.0019195 0.0072358 1.3274
215 0.99988 0.011746 -0.010373 -0.011757 0.99993 -0.0009913 0.01036 0.0011131 0.99995 -0.0021499 0.0071373 1.3366
216 0.99985 0.011047 -0.013217 -0.011058 0.99994 -0.000741 0.013208 0.000887 0.99991 -0.0022849 0.0071836 1.3454
217 0.99981 0.011542 -0.015502 -0.011572 0.99993 -0.0018619 0.01548 0.002041 0.99988 -0.0026025 0.00725 1.3544
218 0.99979 0.011874 -0.016966 -0.011919 0.99993 -0.0025502 0.016934 0.0027519 0.99985 -0.0030346 0.0071838 1.3635
219 0.99977 0.011716 -0.018107 -0.011769 0.99993 -0.0028721 0.018072 0.0030846 0.99983 -0.0034037 0.0072486 1.3724
220 0.99973 0.011756 -0.020221 -0.011817 0.99993 -0.0028582 0.020186 0.0030964 0.99979 -0.0032711 0.0074028 1.3825
221 0.99969 0.012539 -0.021407 -0.012629 0.99991 -0.0040542 0.021354 0.0043233 0.99976 -0.003535 0.0075768 1.3918
222 0.99968 0.011238 -0.022825 -0.011317 0.99993 -0.0033305 0.022786 0.0035877 0.99973 -0.0038725 0.0074446 1.4017
223 0.99964 0.012307 -0.023654 -0.012393 0.99992 -0.0035136 0.023609 0.0038056 0.99971 -0.0044938 0.0074635 1.4108
224 0.99962 0.012051 -0.024939 -0.012146 0.99992 -0.0036356 0.024893 0.0039371 0.99968 -0.0046405 0.0074985 1.4205
225 0.99959 0.012396 -0.025965 -0.012495 0.99992 -0.0036775 0.025917 0.0040004 0.99966 -0.0050851 0.007524 1.4299
226 0.99955 0.012963 -0.027134 -0.01307 0.99991 -0.0037641 0.027083 0.0041171 0.99962 -0.0053741 0.0074987 1.4397
227 0.99951 0.013163 -0.028254 -0.013295 0.9999 -0.0045028 0.028192 0.0048762 0.99959 -0.0056454 0.0076078 1.4497
228 0.99947 0.014421 -0.029339 -0.014567 0.99988 -0.0047564 0.029267 0.0051812 0.99956 -0.0062236 0.0076118 1.4594
229 0.99942 0.0148 -0.030663 -0.014972 0.99987 -0.0053607 0.030579 0.0058167 0.99952 -0.0065413 0.0077429 1.4695
230 0.99938 0.014806 -0.031873 -0.014989 0.99987 -0.0055149 0.031787 0.0059893 0.99948 -0.007035 0.0078413 1.4795
231 0.99934 0.0142 -0.033495 -0.014386 0.99988 -0.0053101 0.033416 0.0057885 0.99942 -0.0075472 0.0078149 1.4896
232 0.99927 0.013782 -0.035578 -0.013975 0.99989 -0.0051916 0.035502 0.0056851 0.99935 -0.0079931 0.0078829 1.5003
233 0.99918 0.01388 -0.038132 -0.014073 0.99989 -0.0048046 0.038061 0.0053373 0.99926 -0.0084499 0.0079738 1.5109
234 0.9991 0.014526 -0.039799 -0.014787 0.99987 -0.006264 0.039703 0.0068468 0.99919 -0.0089577 0.0082742 1.5205
235 0.99903 0.013905 -0.041868 -0.014137 0.99989 -0.005246 0.041791 0.0058327 0.99911 -0.0095524 0.0082178 1.5306
236 0.99893 0.01299 -0.044474 -0.013262 0.9999 -0.0058128 0.044394 0.0063963 0.99899 -0.0099655 0.0081898 1.5419
237 0.99884 0.014826 -0.045871 -0.015199 0.99985 -0.0077863 0.045749 0.0084744 0.99892 -0.010982 0.0085909 1.5519
238 0.99871 0.013561 -0.048897 -0.013913 0.99988 -0.0068765 0.048798 0.007548 0.99878 -0.011014 0.0083943 1.5636
239 0.99862 0.014823 -0.050403 -0.015246 0.99985 -0.0080041 0.050277 0.0087614 0.9987 -0.011802 0.0085584 1.5743
240 0.99854 0.014481 -0.052022 -0.014862 0.99987 -0.0069357 0.051914 0.0076987 0.99862 -0.012338 0.0083725 1.585
241 0.99845 0.015832 -0.053315 -0.016257 0.99984 -0.007553 0.053187 0.008408 0.99855 -0.01312 0.0085689 1.5958
242 0.99835 0.016618 -0.05497 -0.017041 0.99983 -0.0072371 0.054841 0.0081619 0.99846 -0.013753 0.0086114 1.607
243 0.99827 0.016788 -0.056428 -0.017211 0.99983 -0.0070119 0.056301 0.0079709 0.99838 -0.014533 0.0086636 1.618
244 0.99818 0.016651 -0.057966 -0.017055 0.99983 -0.0064816 0.057848 0.0074583 0.9983 -0.015054 0.0085437 1.6287
245 0.99809 0.016437 -0.059472 -0.0169 0.99983 -0.0072946 0.059342 0.0082858 0.9982 -0.015808 0.0086334 1.6397
246 0.99802 0.015564 -0.060957 -0.016054 0.99984 -0.0075544 0.06083 0.008518 0.99811 -0.016585 0.0086088 1.651
247 0.99788 0.015438 -0.063213 -0.015943 0.99984 -0.0074804 0.063088 0.0084723 0.99797 -0.017336 0.008608 1.6623
248 0.99781 0.016063 -0.064202 -0.016548 0.99984 -0.0070256 0.064078 0.0080727 0.99791 -0.018266 0.0086767 1.6734
249 0.99775 0.015656 -0.065203 -0.016147 0.99985 -0.0070135 0.065083 0.0080505 0.99785 -0.019182 0.0086431 1.6846
250 0.99764 0.016007 -0.066743 -0.016462 0.99984 -0.0062728 0.066633 0.0073567 0.99775 -0.019983 0.0086513 1.6958
251 0.99761 0.015587 -0.06733 -0.015957 0.99986 -0.0049657 0.067243 0.0060282 0.99772 -0.020914 0.0085649 1.7071
252 0.99754 0.017337 -0.067907 -0.017749 0.99983 -0.0054744 0.0678 0.0066662 0.99768 -0.021874 0.0087796 1.7187
253 0.99748 0.01774 -0.068682 -0.018134 0.99982 -0.0051235 0.068579 0.0063561 0.99763 -0.022637 0.0087707 1.73
254 0.99746 0.018027 -0.068878 -0.018364 0.99982 -0.0042721 0.068789 0.0055261 0.99762 -0.023724 0.008818 1.7421
255 0.99748 0.017997 -0.068698 -0.018338 0.99982 -0.004339 0.068608 0.0055878 0.99763 -0.024561 0.0088145 1.7535
256 0.99746 0.018102 -0.068921 -0.018445 0.99982 -0.0043461 0.06883 0.0056063 0.99761 -0.025647 0.0086901 1.7655
257 0.99751 0.018091 -0.068212 -0.018447 0.99982 -0.0045996 0.068117 0.0058465 0.99766 -0.026647 0.0087245 1.777
258 0.99748 0.01893 -0.06837 -0.019359 0.9998 -0.0056258 0.06825 0.0069352 0.99764 -0.027999 0.0087509 1.7896
259 0.99745 0.019092 -0.068739 -0.019551 0.99979 -0.0060161 0.06861 0.0073447 0.99762 -0.029048 0.0087792 1.8015
260 0.99738 0.020726 -0.069238 -0.021182 0.99976 -0.0058663 0.0691 0.0073176 0.99758 -0.029957 0.0087374 1.8131
261 0.99742 0.019549 -0.069026 -0.019942 0.99979 -0.0050195 0.068914 0.0063831 0.9976 -0.030884 0.0087055 1.8248
262 0.99736 0.01991 -0.069876 -0.020299 0.99978 -0.0048523 0.069764 0.0062579 0.99754 -0.031608 0.0087267 1.836
263 0.99739 0.019586 -0.069535 -0.019967 0.99979 -0.0047742 0.069427 0.0061501 0.99757 -0.032413 0.0087741 1.8472
264 0.99742 0.019933 -0.068937 -0.020252 0.99979 -0.0039324 0.068844 0.0053184 0.99761 -0.033413 0.0087526 1.8587
265 0.99742 0.019439 -0.069097 -0.019775 0.9998 -0.0041815 0.069001 0.0055371 0.9976 -0.034207 0.0088208 1.8699
266 0.9974 0.020074 -0.069183 -0.020377 0.99979 -0.0036734 0.069094 0.0050736 0.9976 -0.035061 0.0087059 1.8812
267 0.99745 0.020362 -0.068405 -0.020696 0.99978 -0.0041795 0.068305 0.0055846 0.99765 -0.036199 0.0087284 1.8925
268 0.99746 0.018945 -0.068653 -0.019346 0.9998 -0.0051806 0.068541 0.0064955 0.99763 -0.03699 0.008734 1.9042
269 0.99749 0.018941 -0.068156 -0.019344 0.9998 -0.0052561 0.068043 0.0065613 0.99766 -0.037955 0.0086421 1.9151
270 0.99749 0.019686 -0.067954 -0.020065 0.99979 -0.0049025 0.067843 0.0062538 0.99768 -0.038952 0.0087716 1.9266
271 0.99748 0.018516 -0.068444 -0.018815 0.99982 -0.0037216 0.068362 0.005 0.99765 -0.039649 0.0087002 1.938
272 0.99754 0.019831 -0.067222 -0.020175 0.99979 -0.0044375 0.067119 0.0057828 0.99773 -0.040962 0.0087763 1.9499
273 0.99754 0.021165 -0.066821 -0.02158 0.99975 -0.0054958 0.066688 0.0069243 0.99775 -0.041898 0.0088771 1.9614
274 0.99754 0.019327 -0.067408 -0.019641 0.9998 -0.004001 0.067318 0.0053151 0.99772 -0.042545 0.0086095 1.9726
275 0.99751 0.020345 -0.067489 -0.020603 0.99978 -0.0031244 0.067411 0.0045071 0.99772 -0.043398 0.0086098 1.984
276 0.99747 0.020978 -0.067955 -0.02116 0.99977 -0.0019659 0.067898 0.0033989 0.99769 -0.044412 0.0086398 1.996
277 0.99745 0.0224 -0.06781 -0.022515 0.99975 -0.000933 0.067772 0.0024574 0.9977 -0.04532 0.0086793 2.0071
278 0.99743 0.021802 -0.068266 -0.021838 0.99976 0.0002203 0.068255 0.001271 0.99767 -0.04625 0.0087875 2.0188
279 0.99741 0.021921 -0.068517 -0.021892 0.99976 0.001185 0.068527 0.000318 0.99765 -0.047053 0.008861 2.0299
280 0.9974 0.022442 -0.068503 -0.022432 0.99975 0.0009144 0.068506 0.0006246 0.99765 -0.0479 0.0088894 2.041
281 0.99739 0.022517 -0.068608 -0.022564 0.99975 9.29e-05 0.068593 0.0014554 0.99764 -0.048922 0.0089574 2.052
282 0.99735 0.021561 -0.069416 -0.021669 0.99976 -0.0008044 0.069382 0.0023064 0.99759 -0.04965 0.0089739 2.0628
283 0.99732 0.022394 -0.069645 -0.022519 0.99975 -0.0010099 0.069604 0.0025755 0.99757 -0.050654 0.0089379 2.0736
284 0.99731 0.021955 -0.069999 -0.02216 0.99975 -0.0021474 0.069935 0.0036928 0.99754 -0.051541 0.0090517 2.0843
285 0.99725 0.021341 -0.070917 -0.021584 0.99976 -0.0026538 0.070843 0.0041772 0.99748 -0.052249 0.0090452 2.0946
286 0.99729 0.02181 -0.07033 -0.022146 0.99975 -0.0039907 0.070225 0.0055374 0.99752 -0.053265 0.0092287 2.1053
287 0.99724 0.021609 -0.071097 -0.021882 0.99976 -0.0030639 0.071013 0.0046112 0.99746 -0.053911 0.009208 2.1159
288 0.99723 0.02321 -0.070649 -0.023463 0.99972 -0.0027524 0.070565 0.0044024 0.9975 -0.054873 0.0093013 2.1262
289 0.9972 0.02385 -0.070911 -0.024 0.99971 -0.0012733 0.07086 0.0029716 0.99748 -0.055685 0.0092096 2.1362
290 0.99716 0.02453 -0.071151 -0.024699 0.99969 -0.0014867 0.071093 0.0032398 0.99746 -0.056516 0.0092829 2.1462
291 0.99719 0.02643 -0.070157 -0.026573 0.99965 -0.0011038 0.070103 0.002965 0.99754 -0.057632 0.0094993 2.1562
292 0.99716 0.026356 -0.070583 -0.026447 0.99965 -0.0003635 0.070549 0.0022292 0.99751 -0.05844 0.009463 2.166
293 0.9971 0.02765 -0.070868 -0.027813 0.99961 -0.0013264 0.070804 0.0032936 0.99748 -0.059078 0.0095242 2.175
294 0.99708 0.027705 -0.071134 -0.027942 0.99961 -0.0023385 0.071041 0.0043193 0.99746 -0.059787 0.0095762 2.1848
295 0.99708 0.027272 -0.071323 -0.027496 0.99962 -0.0021638 0.071236 0.0041186 0.99745 -0.060759 0.0096207 2.1942
296 0.99703 0.027577 -0.071879 -0.027799 0.99961 -0.0020889 0.071793 0.0040809 0.99741 -0.06156 0.0097131 2.2042
297 0.99708 0.027857 -0.071112 -0.028021 0.99961 -0.001304 0.071048 0.0032928 0.99747 -0.0625 0.0097808 2.2136
298 0.997 0.028124 -0.072066 -0.028261 0.9996 -0.000878 0.072012 0.002912 0.9974 -0.063209 0.0098163 2.2228
299 0.99701 0.027817 -0.072076 -0.027969 0.99961 -0.0011014 0.072017 0.003114 0.9974 -0.064 0.0098049 2.2318
300 0.99694 0.027908 -0.072972 -0.028097 0.9996 -0.0015601 0.0729 0.0036056 0.99733 -0.064657 0.0098946 2.2414
301 0.99693 0.028265 -0.073072 -0.028454 0.99959 -0.0015433 0.072999 0.0036178 0.99733 -0.065368 0.0099693 2.251
302 0.99694 0.028368 -0.072897 -0.028462 0.99959 -0.0002496 0.07286 0.0023236 0.99734 -0.066102 0.010001 2.2594
303 0.99692 0.028847 -0.07297 -0.028926 0.99958 -2.53e-05 0.072939 0.002136 0.99733 -0.066688 0.010051 2.2685
304 0.99697 0.027749 -0.072735 -0.027833 0.99961 -0.0001427 0.072703 0.0021667 0.99735 -0.06753 0.010082 2.2776
305 0.99695 0.027865 -0.072846 -0.027974 0.99961 -0.0004776 0.072804 0.0025139 0.99734 -0.068312 0.01009 2.2863
306 0.997 0.027136 -0.072533 -0.027229 0.99963 -0.0002904 0.072498 0.0022645 0.99737 -0.069124 0.010052 2.2956
307 0.99697 0.027367 -0.072813 -0.027504 0.99962 -0.0008666 0.072762 0.0028667 0.99735 -0.06971 0.010131 2.3044
308 0.99698 0.027296 -0.07265 -0.027494 0.99962 -0.0017229 0.072576 0.0037152 0.99736 -0.070537 0.010096 2.3128
309 0.99712 0.026696 -0.070968 -0.026949 0.99963 -0.0026157 0.070872 0.0045207 0.99748 -0.071567 0.010114 2.3219
310 0.99714 0.026688 -0.070705 -0.02699 0.99963 -0.003312 0.070591 0.0052109 0.99749 -0.07236 0.010065 2.3305
311 0.99721 0.026578 -0.069762 -0.026944 0.99963 -0.0043052 0.069621 0.0061729 0.99755 -0.073261 0.010135 2.3391
312 0.99721 0.026134 -0.069977 -0.026522 0.99964 -0.0046337 0.06983 0.0064767 0.99754 -0.073949 0.010101 2.3476
313 0.99725 0.026032 -0.069456 -0.026397 0.99964 -0.0043474 0.069318 0.0061688 0.99758 -0.074779 0.010071 2.3564
314 0.99726 0.026222 -0.06914 -0.026582 0.99964 -0.004291 0.069003 0.0061172 0.9976 -0.075518 0.010042 2.3648
315 0.99728 0.02544 -0.069139 -0.025848 0.99965 -0.0050209 0.068987 0.0067943 0.99759 -0.076212 0.010092 2.3732
316 0.9973 0.02508 -0.068951 -0.025507 0.99966 -0.0053178 0.068794 0.0070622 0.99761 -0.076754 0.010176 2.3815
317 0.99736 0.024335 -0.068386 -0.024812 0.99967 -0.0061359 0.068214 0.0078165 0.99764 -0.077595 0.010233 2.3897
318 0.99738 0.024774 -0.067946 -0.025275 0.99966 -0.006538 0.067761 0.0082382 0.99767 -0.078342 0.010171 2.3978
319 0.99737 0.025105 -0.067937 -0.025663 0.99964 -0.0073535 0.067728 0.0090776 0.99766 -0.078876 0.010198 2.406
320 0.99726 0.025617 -0.069359 -0.026164 0.99963 -0.0069905 0.069155 0.0087861 0.99757 -0.079553 0.010185 2.4146
321 0.99728 0.02382 -0.069801 -0.02437 0.99968 -0.0070403 0.069611 0.0087222 0.99754 -0.080223 0.010133 2.4224
322 0.99732 0.023794 -0.06916 -0.02442 0.99967 -0.0082155 0.068942 0.0098824 0.99757 -0.080874 0.010283 2.4305
323 0.99735 0.023618 -0.068752 -0.024205 0.99968 -0.0077206 0.068547 0.0093643 0.9976 -0.081711 0.010197 2.4383
324 0.99735 0.023111 -0.068949 -0.023682 0.99969 -0.0074872 0.068755 0.0091003 0.99759 -0.082384 0.010153 2.4463
325 0.99733 0.022456 -0.069544 -0.023079 0.9997 -0.0081649 0.06934 0.0097481 0.99755 -0.082863 0.010225 2.4542
326 0.99733 0.022923 -0.069328 -0.023517 0.99969 -0.0077648 0.069129 0.0093745 0.99756 -0.08375 0.010187 2.462
327 0.99731 0.023092 -0.069583 -0.023681 0.99969 -0.007656 0.069384 0.0092832 0.99755 -0.084484 0.010149 2.4696
328 0.9973 0.022824 -0.069726 -0.023384 0.9997 -0.007226 0.06954 0.008837 0.99754 -0.085087 0.0101 2.4774
329 0.99728 0.023085 -0.070052 -0.023586 0.9997 -0.0063272 0.069885 0.0079622 0.99752 -0.085798 0.010054 2.485
330 0.99727 0.022917 -0.070134 -0.023479 0.9997 -0.0072066 0.069947 0.0088337 0.99751 -0.08642 0.010094 2.4928
331 0.99725 0.022396 -0.070697 -0.022984 0.99971 -0.0075069 0.070508 0.0091111 0.99747 -0.087071 0.010103 2.5002
332 0.9972 0.022641 -0.071229 -0.023201 0.99971 -0.0070395 0.071049 0.0086724 0.99744 -0.087659 0.010089 2.5076
333 0.9972 0.023956 -0.070848 -0.024565 0.99967 -0.0077443 0.070639 0.0094629 0.99746 -0.088329 0.010061 2.5152
334 0.99719 0.022444 -0.071405 -0.023119 0.9997 -0.0086392 0.07119 0.010266 0.99741 -0.088969 0.010064 2.5225
335 0.99723 0.022263 -0.070977 -0.022901 0.9997 -0.0081978 0.070773 0.0098005 0.99744 -0.089624 0.010022 2.53
336 0.9971 0.021015 -0.07311 -0.021701 0.99973 -0.0086014 0.07291 0.010163 0.99729 -0.090304 0.010066 2.5376
337 0.99709 0.021842 -0.072994 -0.022582 0.9997 -0.0093366 0.072768 0.010958 0.99729 -0.090887 0.01004 2.5449
338 0.99718 0.020643 -0.072085 -0.02142 0.99972 -0.010027 0.071858 0.011543 0.99735 -0.091623 0.010037 2.5524
339 0.99714 0.021202 -0.07253 -0.021956 0.99971 -0.0096191 0.072305 0.011184 0.99732 -0.09223 0.010009 2.5595
340 0.99716 0.021173 -0.072281 -0.021989 0.9997 -0.010502 0.072037 0.012061 0.99733 -0.092844 0.0099943 2.5668
341 0.9972 0.018868 -0.072399 -0.019826 0.99972 -0.01253 0.072143 0.013931 0.9973 -0.093474 0.010069 2.5738
342 0.9972 0.018135 -0.072529 -0.019154 0.99973 -0.013378 0.072267 0.01473 0.99728 -0.093974 0.010065 2.5811
343 0.99723 0.019405 -0.071813 -0.020368 0.99971 -0.012701 0.071546 0.014129 0.99734 -0.094907 0.0098727 2.5878
344 0.9972 0.019212 -0.072251 -0.02029 0.99969 -0.014221 0.071956 0.015648 0.99729 -0.095397 0.010009 2.5952
345 0.99714 0.020057 -0.072925 -0.02115 0.99967 -0.01426 0.072615 0.015762 0.99724 -0.095973 0.010074 2.6024
346 0.99711 0.021965 -0.072777 -0.023023 0.99964 -0.013734 0.072449 0.01537 0.99725 -0.096562 0.010017 2.6098
347 0.99703 0.022395 -0.073672 -0.023445 0.99964 -0.013413 0.073345 0.015101 0.99719 -0.097091 0.009917 2.6168
348 0.997 0.021638 -0.074294 -0.022802 0.99963 -0.014854 0.073945 0.016503 0.99713 -0.097688 0.009959 2.6239
349 0.99695 0.021343 -0.075065 -0.022525 0.99963 -0.014939 0.074719 0.016584 0.99707 -0.098255 0.0099035 2.6312
350 0.99693 0.021491 -0.075268 -0.02271 0.99962 -0.015375 0.074909 0.017038 0.99704 -0.098952 0.0098389 2.6386
351 0.99685 0.021985 -0.076228 -0.023184 0.99962 -0.014882 0.075872 0.016602 0.99698 -0.099421 0.0097725 2.6457
352 0.99679 0.022907 -0.076763 -0.024133 0.9996 -0.015075 0.076386 0.016879 0.99694 -0.10026 0.0097849 2.6525
353 0.99673 0.022632 -0.077516 -0.023804 0.99962 -0.014239 0.077164 0.016038 0.99689 -0.1009 0.0096587 2.6597
354 0.99669 0.023397 -0.077818 -0.024618 0.99959 -0.01477 0.077441 0.016637 0.99686 -0.10161 0.0096132 2.6672
355 0.99666 0.022422 -0.078516 -0.023665 0.99961 -0.014932 0.078151 0.016741 0.9968 -0.10244 0.0094884 2.6743
356 0.9966 0.022792 -0.079163 -0.024117 0.99958 -0.015825 0.078769 0.017681 0.99674 -0.10306 0.009551 2.6822
357 0.99653 0.024031 -0.079748 -0.025438 0.99954 -0.016677 0.079311 0.018648 0.99668 -0.10374 0.0096464 2.69
358 0.99641 0.022923 -0.081443 -0.024281 0.99958 -0.015724 0.081048 0.017645 0.99655 -0.10465 0.0094728 2.6991
359 0.9964 0.023472 -0.08149 -0.024838 0.99957 -0.01579 0.081084 0.017757 0.99655 -0.10559 0.0094539 2.7068
