1 0 0 0 0 0 0 0 0 0 0 0 0
2 1 0.0016547 0.000852 -0.0016544 1 -0.0004439 -0.0008527 0.0004425 1 -0.0005915 -0.0007937 0.051444
3 0.99995 0.0072493 0.0063559 -0.0072374 0.99997 -0.001883 -0.0063693 0.0018369 0.99998 -0.0033738 -0.0014434 0.094148
4 0.99996 0.0072518 0.0049405 -0.0072461 0.99997 -0.0011733 -0.0049489 0.0011374 0.99999 -0.0023045 -0.0016759 0.14443
5 0.99995 0.0087819 0.0053347 -0.0087768 0.99996 -0.0009669 -0.005343 0.00092 0.99999 -0.0026796 -0.0026307 0.19289
6 0.99997 0.0068318 0.004014 -0.0068382 0.99998 0.0015828 -0.0040031 -0.0016102 0.99999 -0.0019213 -0.0036184 0.24391
7 0.99997 0.0062757 0.0043221 -0.006291 0.99997 0.003533 -0.0042998 -0.0035601 0.99998 -0.0016541 -0.004399 0.29143
8 0.99997 0.0048452 0.005195 -0.0048725 0.99997 0.0052543 -0.0051694 -0.0052794 0.99997 -0.0019265 -0.0048134 0.33792
9 0.99998 0.0034411 0.005412 -0.003473 0.99998 0.005896 -0.0053915 -0.0059147 0.99997 -0.0015108 -0.0053953 0.38492
10 0.99998 0.0015947 0.0060247 -0.0016246 0.99999 0.0049635 -0.0060167 -0.0049732 0.99997 -0.0013924 -0.0062535 0.4328
11 0.99998 0.0031687 0.0061536 -0.0032124 0.99997 0.0070971 -0.0061309 -0.0071167 0.99996 -0.0014168 -0.0062369 0.48172
12 0.99997 0.0026057 0.0072052 -0.0026846 0.99994 0.010959 -0.0071762 -0.010978 0.99991 -0.0015231 -0.0067517 0.52831
13 0.99997 -0.0003747 0.0072905 0.0002963 0.99994 0.010755 -0.0072941 -0.010753 0.99992 -0.0008772 -0.0069041 0.57566
14 0.99997 -0.0025361 0.0069348 0.0024842 0.99997 0.007484 -0.0069535 -0.0074666 0.99995 -0.0005644 -0.0075449 0.62261
15 0.99996 -0.0053356 0.0072758 0.0052986 0.99997 0.0050922 -0.0073027 -0.0050534 0.99996 -0.0002629 -0.0078272 0.66824
16 0.99996 -0.0059218 0.007225 0.005886 0.99997 0.0049558 -0.0072542 -0.0049131 0.99996 0.0001104 -0.008191 0.71162
17 0.99995 -0.0043639 0.0084639 0.0043129 0.99997 0.0060349 -0.00849 -0.0059981 0.99995 0.0001155 -0.0083785 0.7575
18 0.99996 -0.0026861 0.0089689 0.0026303 0.99998 0.0062362 -0.0089855 -0.0062124 0.99994 -0.0001027 -0.0090947 0.80501
19 0.99995 -0.0019249 0.0093997 0.0018803 0.99999 0.0047482 -0.0094087 -0.0047304 0.99994 0.0001175 -0.0093962 0.85084
20 0.99995 -0.002523 0.0096819 0.0024971 0.99999 0.0026921 -0.0096886 -0.0026678 0.99995 0.0004425 -0.009865 0.89635
21 0.99994 -0.0037689 0.010082 0.0037636 0.99999 0.0005406 -0.010084 -0.0005026 0.99995 0.0004974 -0.010563 0.9417
22 0.99993 -0.0046524 0.010921 0.0046702 0.99999 -0.0016041 -0.010913 0.001655 0.99994 0.00083 -0.010981 0.98722
23 0.99992 -0.0054363 0.011401 0.0054579 0.99998 -0.0018673 -0.01139 0.0019293 0.99993 0.0009288 -0.011437 1.0268
24 0.99991 -0.0053451 0.012053 0.005356 0.99999 -0.000876 -0.012048 0.0009405 0.99993 0.001336 -0.012298 1.0716
25 0.99991 -0.0059204 0.012158 0.0059267 0.99998 -0.0004828 -0.012155 0.0005548 0.99993 0.001509 -0.013097 1.1114
26 0.9999 -0.005229 0.013072 0.0052561 0.99998 -0.002041 -0.013061 0.0021095 0.99991 0.0016539 -0.013905 1.1557
27 0.9999 -0.0040394 0.013258 0.0041295 0.99997 -0.0067763 -0.01323 0.0068304 0.99989 0.0019993 -0.014729 1.1953
28 0.99989 -0.0025086 0.0145 0.002659 0.99994 -0.010368 -0.014473 0.010405 0.99984 0.0023017 -0.015228 1.2406
29 0.9999 -0.0002092 0.014435 0.000338 0.99996 -0.0089184 -0.014432 0.0089223 0.99986 0.0030544 -0.016473 1.2785
30 0.99988 0.0006729 0.015314 -0.0005671 0.99998 -0.0069136 -0.015318 0.0069041 0.99986 0.0032477 -0.017785 1.3204
31 0.99988 -0.0002632 0.015209 0.0003811 0.99997 -0.0077482 -0.015206 0.0077531 0.99985 0.0040478 -0.018317 1.3607
32 0.99987 -0.000115 0.015811 0.0002122 0.99998 -0.0061473 -0.01581 0.0061499 0.99986 0.0042116 -0.019177 1.4023
33 0.99988 -2.29e-05 0.015639 8.58e-05 0.99999 -0.00402 -0.015639 0.0040209 0.99987 0.005285 -0.020186 1.4428
34 0.99988 -0.0011785 0.015612 0.0012337 0.99999 -0.0035254 -0.015607 0.0035442 0.99987 0.0056028 -0.020948 1.4844
35 0.99988 -0.0002599 0.015727 0.0003436 0.99999 -0.0053163 -0.015725 0.005321 0.99986 0.0056003 -0.021859 1.5239
36 0.99988 0.0009769 0.015521 -0.0008973 0.99999 -0.0051315 -0.015525 0.0051169 0.99987 0.0058807 -0.022632 1.5653
37 0.99988 -0.0010429 0.015256 0.0010979 0.99999 -0.0035981 -0.015253 0.0036145 0.99988 0.006513 -0.023298 1.6044
38 0.99989 0.0006957 0.014942 -0.0006655 1 -0.0020276 -0.014943 0.0020174 0.99989 0.0072409 -0.024207 1.6448
39 0.99989 0.0006303 0.014627 -0.0005924 1 -0.0025938 -0.014628 0.0025848 0.99989 0.0073043 -0.025196 1.6832
40 0.9999 0.0003806 0.014268 -0.0003563 1 -0.0016996 -0.014268 0.0016944 0.9999 0.0077925 -0.025809 1.7225
41 0.9999 0.0037903 0.013282 -0.00376 0.99999 -0.0023042 -0.013291 0.002254 0.99991 0.0077915 -0.02686 1.7617
42 0.99991 0.0044966 0.012546 -0.0044521 0.99998 -0.0035746 -0.012562 0.0035184 0.99991 0.0081002 -0.027217 1.8002
43 0.9999 0.0077988 0.011928 -0.0077464 0.99996 -0.0044386 -0.011962 0.0043458 0.99992 0.0081216 -0.028218 1.8372
44 0.99988 0.010739 0.011363 -0.010722 0.99994 -0.0015001 -0.011379 0.0013781 0.99993 0.0082495 -0.029094 1.8737
45 0.99985 0.013432 0.010594 -0.013434 0.99991 0.0001073 -0.010592 -0.0002496 0.99994 0.008259 -0.029953 1.9102
46 0.99984 0.014629 0.009797 -0.014639 0.99989 0.0010279 -0.0097809 -0.0011711 0.99995 0.008433 -0.030799 1.9458
47 0.99983 0.016331 0.0086807 -0.016331 0.99987 -8.42e-05 -0.0086809 -5.76e-05 0.99996 0.0087058 -0.031184 1.9811
48 0.99981 0.017653 0.0081154 -0.017649 0.99984 -0.0005208 -0.0081233 0.0003775 0.99997 0.008695 -0.031808 2.0158
49 0.99982 0.017377 0.0075896 -0.01739 0.99985 0.0016506 -0.0075598 -0.0017823 0.99997 0.0087115 -0.032415 2.0487
50 0.99984 0.016552 0.0065107 -0.016576 0.99986 0.0037349 -0.0064479 -0.0038422 0.99997 0.0088861 -0.032932 2.0818
51 0.99984 0.016472 0.006993 -0.016504 0.99985 0.0045596 -0.0069169 -0.0046743 0.99997 0.0083408 -0.033806 2.112
52 0.99988 0.014648 0.0054268 -0.014655 0.99989 0.0012766 -0.0054075 -0.001356 0.99998 0.0089216 -0.03442 2.1432
53 0.9999 0.013151 0.0048591 -0.013149 0.99991 -0.0004539 -0.0048646 0.00039 0.99999 0.0086944 -0.034755 2.1725
54 0.99991 0.013007 0.004482 -0.013002 0.99991 -0.0011771 -0.0044969 0.0011187 0.99999 0.0085607 -0.035473 2.2021
55 0.9999 0.013423 0.0042842 -0.013421 0.99991 -0.0005455 -0.0042912 0.0004879 0.99999 0.008376 -0.035951 2.2312
56 0.99991 0.012784 0.0036921 -0.012783 0.99992 -0.000313 -0.0036958 0.0002658 0.99999 0.0082225 -0.036437 2.2588
57 0.99992 0.012123 0.0025198 -0.012126 0.99993 0.0013669 -0.002503 -0.0013974 1 0.008744 -0.037097 2.2853
58 0.99994 0.010922 0.0024118 -0.010927 0.99994 0.0021413 -0.0023883 -0.0021675 0.99999 0.0087247 -0.037583 2.3113
59 0.99993 0.011804 0.0023489 -0.01181 0.99993 0.002225 -0.0023225 -0.0022526 0.99999 0.008165 -0.037841 2.3359
60 0.99991 0.013083 0.0020463 -0.013089 0.99991 0.0027458 -0.0020102 -0.0027723 0.99999 0.0080951 -0.038275 2.3598
61 0.99992 0.012658 0.0021241 -0.012665 0.99992 0.0030776 -0.002085 -0.0031043 0.99999 0.0076002 -0.038955 2.3829
62 0.99993 0.011578 0.001346 -0.011583 0.99993 0.0038337 -0.0013015 -0.003849 0.99999 0.0077441 -0.039219 2.4052
63 0.99995 0.010316 0.0012199 -0.010322 0.99993 0.0048791 -0.0011695 -0.0048915 0.99999 0.0079294 -0.03961 2.4268
64 0.99994 0.010814 0.001138 -0.010819 0.99993 0.0047233 -0.0010869 -0.0047354 0.99999 0.0077781 -0.039956 2.4473
65 0.99994 0.011302 0.0010908 -0.011307 0.99993 0.0045315 -0.0010395 -0.0045435 0.99999 0.0074995 -0.040298 2.4669
66 0.99994 0.010752 0.0007313 -0.010755 0.99993 0.0048263 -0.0006794 -0.0048339 0.99999 0.0074205 -0.040797 2.4857
67 0.99994 0.01055 0.0002005 -0.010551 0.99994 0.0034982 -0.0001636 -0.0035001 0.99999 0.0074924 -0.040884 2.5036
68 0.99994 0.010735 -0.0001237 -0.010734 0.99994 0.0028055 0.0001538 -0.002804 1 0.0073519 -0.041313 2.5209
69 0.99994 0.010605 -0.0004729 -0.010604 0.99994 0.0021033 0.0004952 -0.0020981 1 0.0072161 -0.04144 2.5368
70 0.99994 0.010769 -0.0004684 -0.010767 0.99994 0.0025519 0.0004959 -0.0025467 1 0.0071416 -0.04168 2.5529
71 0.99994 0.010475 -0.0008109 -0.010474 0.99994 0.0020222 0.000832 -0.0020136 1 0.0071277 -0.042008 2.5675
72 0.99993 0.011853 -0.001094 -0.011851 0.99993 0.0017707 0.001115 -0.0017576 1 0.0070139 -0.04214 2.5816
73 0.99994 0.011187 -0.0011568 -0.011184 0.99994 0.0019918 0.001179 -0.0019787 1 0.007085 -0.042481 2.5941
74 0.99993 0.011467 -0.0013177 -0.011463 0.99993 0.0024405 0.0013456 -0.0024252 1 0.0070268 -0.042685 2.6065
75 0.99993 0.011507 -0.0018638 -0.011502 0.99993 0.0024915 0.0018924 -0.0024699 1 0.0072652 -0.042739 2.6176
76 0.99993 0.011863 -0.0017665 -0.011857 0.99992 0.0032217 0.0018046 -0.0032006 0.99999 0.0071431 -0.04298 2.628
77 0.99993 0.011859 -0.001746 -0.011853 0.99992 0.0033102 0.0017852 -0.0032893 0.99999 0.0067741 -0.043091 2.6374
78 0.99992 0.012047 -0.0022239 -0.01204 0.99992 0.0031376 0.0022615 -0.0031106 0.99999 0.0067725 -0.043215 2.646
79 0.99993 0.011806 -0.0020443 -0.011799 0.99993 0.0030478 0.0020801 -0.0030234 0.99999 0.00674 -0.043151 2.6543
80 0.99994 0.011004 -0.0020914 -0.010996 0.99993 0.0036084 0.0021309 -0.0035852 0.99999 0.0066969 -0.043489 2.6614
81 0.99994 0.010577 -0.0019737 -0.010569 0.99994 0.0039118 0.002015 -0.0038907 0.99999 0.0066029 -0.043604 2.6683
82 0.99994 0.0106 -0.0017005 -0.010593 0.99994 0.0041678 0.0017446 -0.0041496 0.99999 0.006388 -0.043864 2.6738
83 0.99993 0.011489 -0.0021932 -0.01148 0.99992 0.0043006 0.0022424 -0.0042751 0.99999 0.0065306 -0.043778 2.6788
84 0.99993 0.01164 -0.0022142 -0.01163 0.99992 0.0042992 0.0022641 -0.0042732 0.99999 0.0064079 -0.043835 2.683
85 0.99994 0.011044 -0.0022783 -0.011034 0.99993 0.0041637 0.0023242 -0.0041383 0.99999 0.0064737 -0.043938 2.6862
86 0.99994 0.010795 -0.0024886 -0.010786 0.99994 0.0034896 0.0025261 -0.0034625 0.99999 0.0064813 -0.043886 2.6892
87 0.99994 0.010943 -0.0024485 -0.010935 0.99994 0.003123 0.0024825 -0.003096 0.99999 0.0064777 -0.043858 2.6915
88 0.99993 0.011352 -0.0023039 -0.011346 0.99993 0.0029692 0.0023375 -0.0029428 0.99999 0.0063329 -0.043936 2.6934
89 0.99993 0.011248 -0.0027497 -0.01124 0.99993 0.0028394 0.0027815 -0.0028083 0.99999 0.0065823 -0.04404 2.6947
90 0.99993 0.011433 -0.0024947 -0.011426 0.99993 0.0030049 0.0025288 -0.0029761 0.99999 0.0064213 -0.044047 2.6959
91 0.99993 0.011366 -0.0024525 -0.011359 0.99993 0.002676 0.0024827 -0.002648 0.99999 0.0063532 -0.044038 2.6965
92 0.99993 0.011241 -0.0025658 -0.011234 0.99993 0.0027098 0.0025961 -0.0026808 0.99999 0.0063782 -0.044028 2.6964
93 0.99993 0.011189 -0.0026198 -0.011182 0.99993 0.0027603 0.0026505 -0.0027308 0.99999 0.0064719 -0.044099 2.6962
94 0.99993 0.011249 -0.002863 -0.011245 0.99994 0.0015078 0.0028798 -0.0014755 0.99999 0.0064942 -0.044208 2.6961
95 0.99993 0.011205 -0.0028835 -0.011208 0.99994 -0.0008253 0.0028741 0.0008575 1 0.0065213 -0.044266 2.6958
96 0.99993 0.011428 -0.0026446 -0.011431 0.99993 -0.0014166 0.0026282 0.0014468 1 0.0064501 -0.044258 2.6958
97 0.99993 0.011295 -0.0027794 -0.011298 0.99994 -0.0008894 0.0027692 0.0009207 1 0.0064149 -0.044249 2.6958
98 0.99993 0.011277 -0.0027986 -0.01128 0.99994 -0.0011756 0.0027852 0.0012071 1 0.0064447 -0.044282 2.6958
99 0.99993 0.011357 -0.0027329 -0.011359 0.99994 -0.0008643 0.0027229 0.0008953 1 0.0064396 -0.044267 2.6959
100 0.99993 0.011392 -0.0027389 -0.011394 0.99993 -0.0007387 0.0027303 0.0007699 1 0.006467 -0.044283 2.6956
101 0.99993 0.011618 -0.0027922 -0.01162 0.99993 -0.0008814 0.0027818 0.0009137 1 0.0064791 -0.044407 2.6955
102 0.99993 0.011437 -0.0027843 -0.011439 0.99993 -0.0008848 0.002774 0.0009166 1 0.0064865 -0.044266 2.6957
103 0.99993 0.01136 -0.0028063 -0.011363 0.99994 -0.0007962 0.0027971 0.000828 1 0.0064529 -0.044288 2.6956
104 0.99993 0.011444 -0.0027189 -0.011446 0.99993 -0.0008274 0.0027092 0.0008585 1 0.0064548 -0.044347 2.6955
105 0.99993 0.011257 -0.0028695 -0.011259 0.99994 -0.0008215 0.0028601 0.0008537 1 0.0065196 -0.044282 2.6955
106 0.99993 0.011222 -0.002836 -0.011225 0.99994 -0.0008211 0.0028266 0.0008529 1 0.0065118 -0.044257 2.6955
107 0.99993 0.011307 -0.0027191 -0.011309 0.99994 -0.0008313 0.0027095 0.000862 1 0.0065109 -0.044279 2.6955
108 0.99993 0.011341 -0.0027665 -0.011343 0.99994 -0.0008587 0.0027566 0.00089 1 0.0065127 -0.044285 2.6956
109 0.99993 0.011299 -0.0027009 -0.011302 0.99994 -0.0007509 0.0026922 0.0007814 1 0.0064859 -0.04431 2.6955
110 0.99993 0.011297 -0.0028433 -0.011299 0.99994 -0.0007272 0.0028349 0.0007593 1 0.0065337 -0.044311 2.6955
111 0.99993 0.011227 -0.0027814 -0.011229 0.99994 -0.0008597 0.0027716 0.0008909 1 0.0065038 -0.044314 2.6955
112 0.99993 0.011237 -0.0028389 -0.011239 0.99994 -0.0007683 0.0028301 0.0008001 1 0.0065441 -0.044278 2.6955
113 0.99993 0.011373 -0.0028103 -0.011375 0.99994 -0.0007046 0.0028021 0.0007365 1 0.0064789 -0.044332 2.6956
114 0.99993 0.011325 -0.0028049 -0.011327 0.99994 -0.0009143 0.0027943 0.000946 1 0.0064933 -0.044297 2.6955
115 0.99993 0.011318 -0.0027638 -0.011321 0.99994 -0.0008193 0.0027543 0.0008505 1 0.0064746 -0.044287 2.6955
116 0.99993 0.011379 -0.0026633 -0.011381 0.99994 -0.0007042 0.0026551 0.0007344 1 0.0064302 -0.044345 2.6957
117 0.99993 0.011366 -0.002778 -0.011368 0.99994 -0.0007568 0.0027692 0.0007883 1 0.0065046 -0.044285 2.6955
118 0.99993 0.011505 -0.0027673 -0.011507 0.99993 -0.0007337 0.0027587 0.0007655 1 0.006504 -0.044306 2.6956
119 0.99993 0.011419 -0.0028064 -0.011421 0.99993 -0.0007964 0.0027972 0.0008284 1 0.0065316 -0.044299 2.6954
120 0.99993 0.011474 -0.0027811 -0.011476 0.99993 -0.0007405 0.0027724 0.0007724 1 0.0064968 -0.04432 2.6956
121 0.99993 0.011511 -0.0027657 -0.011513 0.99993 -0.0008149 0.0027561 0.0008467 1 0.0064929 -0.044287 2.6957
122 0.99993 0.011431 -0.0027356 -0.011432 0.99993 -0.0006428 0.0027281 0.000674 1 0.0065063 -0.044309 2.6956
123 0.99993 0.011314 -0.0027826 -0.011316 0.99994 -0.0006835 0.0027746 0.000715 1 0.0064938 -0.044335 2.6955
124 0.99993 0.011472 -0.0027999 -0.011474 0.99993 -0.0007784 0.0027908 0.0008104 1 0.0065421 -0.044296 2.6956
125 0.99993 0.011402 -0.002772 -0.011405 0.99993 -0.0008155 0.0027625 0.000847 1 0.0064871 -0.044293 2.6957
126 0.99993 0.011577 -0.0028162 -0.011579 0.99993 -0.0008617 0.002806 0.0008943 1 0.006495 -0.044283 2.6955
127 0.99993 0.011422 -0.0028203 -0.011424 0.99993 -0.0007979 0.002811 0.00083 1 0.0065211 -0.044309 2.6955
128 0.99993 0.011542 -0.0028231 -0.011544 0.99993 -0.0008754 0.0028129 0.0009079 1 0.006485 -0.044279 2.6955
129 0.99993 0.011372 -0.0028441 -0.011374 0.99993 -0.0008311 0.0028345 0.0008634 1 0.0065283 -0.044293 2.6955
130 0.99993 0.011456 -0.0028776 -0.011458 0.99993 -0.0008004 0.0028682 0.0008333 1 0.0065252 -0.044263 2.6956
131 0.99993 0.011361 -0.002801 -0.011364 0.99994 -0.000883 0.0027908 0.0009148 1 0.0064463 -0.044296 2.6955
132 0.99993 0.011297 -0.0028562 -0.0113 0.99994 -0.0009311 0.0028455 0.0009633 1 0.0064834 -0.044267 2.6955
133 0.99993 0.011338 -0.0027839 -0.01134 0.99994 -0.0008147 0.0027744 0.0008462 1 0.006487 -0.04426 2.6956
134 0.99993 0.011356 -0.0028079 -0.011358 0.99994 -0.000794 0.0027987 0.0008258 1 0.0064969 -0.044322 2.6956
135 0.99993 0.01146 -0.002715 -0.011462 0.99993 -0.000722 0.0027065 0.0007531 1 0.0064608 -0.044312 2.6955
136 0.99993 0.011415 -0.0027377 -0.011417 0.99993 -0.000831 0.002728 0.0008622 1 0.0064441 -0.044298 2.6955
137 0.99993 0.011402 -0.0027828 -0.011404 0.99993 -0.0007591 0.002774 0.0007908 1 0.0065004 -0.044294 2.6955
138 0.99993 0.011397 -0.0027224 -0.011399 0.99993 -0.0007919 0.0027132 0.0008229 1 0.0064643 -0.044292 2.6955
139 0.99993 0.011448 -0.002789 -0.01145 0.99993 -0.0006915 0.0027809 0.0007234 1 0.0064857 -0.044361 2.6955
140 0.99993 0.01141 -0.0026765 -0.011413 0.99993 -0.0008022 0.0026671 0.0008327 1 0.0064419 -0.044286 2.6956
141 0.99993 0.011418 -0.0027665 -0.01142 0.99993 -0.0008581 0.0027565 0.0008897 1 0.0064762 -0.044298 2.6955
142 0.99993 0.01127 -0.0026852 -0.011272 0.99994 -0.0007653 0.0026764 0.0007955 1 0.0064301 -0.044313 2.6956
143 0.99993 0.011388 -0.0027694 -0.01139 0.99993 -0.0008206 0.0027599 0.0008521 1 0.0064747 -0.044299 2.6955
144 0.99993 0.011373 -0.0027953 -0.011375 0.99994 -0.0007848 0.0027862 0.0008165 1 0.0065228 -0.044293 2.6956
145 0.99993 0.011425 -0.0028332 -0.011427 0.99993 -0.0008342 0.0028235 0.0008665 1 0.0064811 -0.044272 2.6956
146 0.99993 0.011528 -0.0027536 -0.01153 0.99993 -0.00072 0.0027451 0.0007517 1 0.0064737 -0.044338 2.6955
147 0.99993 0.01143 -0.0028433 -0.011432 0.99993 -0.0007298 0.0028348 0.0007622 1 0.0064899 -0.0443 2.6955
148 0.99993 0.011445 -0.0027556 -0.011448 0.99993 -0.0008508 0.0027457 0.0008823 1 0.0064758 -0.044267 2.6955
149 0.99993 0.01139 -0.0027933 -0.011392 0.99993 -0.0008519 0.0027834 0.0008836 1 0.0064841 -0.044286 2.6955
150 0.99993 0.011411 -0.0027851 -0.011413 0.99993 -0.0008862 0.0027748 0.000918 1 0.0064754 -0.044267 2.6955
151 0.99993 0.011495 -0.0028211 -0.011497 0.99993 -0.0008401 0.0028113 0.0008725 1 0.0065039 -0.044309 2.6955
152 0.99993 0.011474 -0.002754 -0.011477 0.99993 -0.0007558 0.0027452 0.0007873 1 0.0064835 -0.044318 2.6955
153 0.99993 0.011401 -0.0027777 -0.011404 0.99993 -0.0007909 0.0027685 0.0008225 1 0.0064927 -0.044295 2.6955
154 0.99993 0.011433 -0.0027669 -0.011435 0.99993 -0.0008109 0.0027575 0.0008425 1 0.0064789 -0.044289 2.6955
155 0.99993 0.011306 -0.0028118 -0.011309 0.99994 -0.0008585 0.0028019 0.0008903 1 0.006518 -0.044275 2.6955
156 0.99993 0.01131 -0.0027912 -0.011313 0.99994 -0.0008494 0.0027814 0.000881 1 0.0064857 -0.044275 2.6955
157 0.99993 0.011259 -0.0027982 -0.011261 0.99994 -0.0008013 0.002789 0.0008327 1 0.0064711 -0.044289 2.6955
158 0.99993 0.011365 -0.0028153 -0.011368 0.99994 -0.0007895 0.0028062 0.0008214 1 0.0065429 -0.04431 2.6955
159 0.99993 0.011419 -0.0028527 -0.011422 0.99993 -0.0009452 0.0028417 0.0009778 1 0.006533 -0.044255 2.6955
160 0.99993 0.011423 -0.0029029 -0.011425 0.99993 -0.0007524 0.0028941 0.0007855 1 0.0065482 -0.044305 2.6956
161 0.99993 0.011397 -0.0028442 -0.0114 0.99993 -0.000827 0.0028346 0.0008594 1 0.00651 -0.04432 2.6955
162 0.99993 0.011278 -0.0028322 -0.01128 0.99994 -0.0007258 0.0028238 0.0007577 1 0.0064973 -0.044338 2.6955
163 0.99993 0.011347 -0.0028291 -0.011349 0.99994 -0.0008475 0.0028193 0.0008796 1 0.0065166 -0.044294 2.6955
164 0.99993 0.011499 -0.0027424 -0.011501 0.99993 -0.0007291 0.0027338 0.0007606 1 0.0064728 -0.044333 2.6955
165 0.99993 0.01155 -0.0027329 -0.011552 0.99993 -0.0007865 0.0027236 0.000818 1 0.0064746 -0.044289 2.6955
166 0.99993 0.011536 -0.0027911 -0.011538 0.99993 -0.0009428 0.0027801 0.0009749 1 0.0064862 -0.044268 2.6955
167 0.99993 0.01145 -0.0027573 -0.011452 0.99993 -0.0008258 0.0027477 0.0008573 1 0.0064935 -0.044278 2.6955
168 0.99993 0.011567 -0.0027477 -0.01157 0.99993 -0.0009272 0.0027368 0.0009589 1 0.0064646 -0.044244 2.6956
169 0.99993 0.011498 -0.0026714 -0.0115 0.99993 -0.0008834 0.002661 0.000914 1 0.006433 -0.04428 2.6955
170 0.99993 0.011477 -0.0027556 -0.011479 0.99993 -0.0008076 0.0027462 0.0008392 1 0.0064809 -0.044289 2.6955
171 0.99993 0.011565 -0.0027969 -0.011568 0.99993 -0.0008314 0.0027871 0.0008637 1 0.006488 -0.044296 2.6956
172 0.99993 0.011376 -0.0028246 -0.011378 0.99993 -0.0008253 0.002815 0.0008574 1 0.0065066 -0.044266 2.6956
173 0.99993 0.011476 -0.0027832 -0.011478 0.99993 -0.0008352 0.0027734 0.0008671 1 0.0064736 -0.044273 2.6955
174 0.99993 0.011532 -0.0027526 -0.011535 0.99993 -0.000858 0.0027425 0.0008897 1 0.0064596 -0.044289 2.6955
175 0.99993 0.01138 -0.002911 -0.011383 0.99993 -0.0008385 0.0029013 0.0008716 1 0.0065318 -0.044277 2.6955
176 0.99993 0.011306 -0.0028214 -0.011308 0.99994 -0.0008641 0.0028115 0.0008959 1 0.0065157 -0.0443 2.6955
177 0.99993 0.011362 -0.0027553 -0.011365 0.99994 -0.0008295 0.0027457 0.0008607 1 0.0064662 -0.044275 2.6956
178 0.99993 0.011402 -0.002743 -0.011404 0.99993 -0.0007766 0.0027339 0.0008079 1 0.0064772 -0.044323 2.6954
179 0.99993 0.011383 -0.002777 -0.011385 0.99993 -0.0008516 0.0027671 0.0008831 1 0.0064783 -0.044293 2.6955
180 0.99993 0.011339 -0.0027526 -0.011341 0.99994 -0.0007608 0.0027438 0.0007919 1 0.0064576 -0.044315 2.6955
181 0.99993 0.011332 -0.0027444 -0.011334 0.99994 -0.0008091 0.002735 0.0008402 1 0.0064729 -0.044331 2.6955
182 0.99993 0.011434 -0.0027642 -0.011436 0.99993 -0.000728 0.0027557 0.0007596 1 0.0064581 -0.04432 2.6955
183 0.99993 0.011453 -0.0027379 -0.011455 0.99993 -0.0007199 0.0027294 0.0007512 1 0.0064498 -0.044314 2.6955
184 0.99993 0.011405 -0.0027786 -0.011407 0.99993 -0.0008718 0.0027685 0.0009034 1 0.0064818 -0.044297 2.6955
185 0.99993 0.011476 -0.0027693 -0.011478 0.99993 -0.0007437 0.0027606 0.0007754 1 0.0064787 -0.044304 2.6955
186 0.99993 0.01138 -0.0027921 -0.011382 0.99993 -0.00082 0.0027825 0.0008517 1 0.0064804 -0.044293 2.6955
187 0.99993 0.011512 -0.002752 -0.011514 0.99993 -0.0008632 0.0027419 0.0008948 1 0.0064629 -0.044304 2.6955
188 0.99993 0.01147 -0.0027564 -0.011472 0.99993 -0.0007526 0.0027476 0.0007841 1 0.0064482 -0.044315 2.6955
189 0.99993 0.011516 -0.0027074 -0.011518 0.99993 -0.0007918 0.0026981 0.0008229 1 0.0064248 -0.044339 2.6955
190 0.99993 0.011429 -0.0027067 -0.011431 0.99993 -0.0007542 0.0026979 0.0007851 1 0.0064809 -0.044304 2.6956
191 0.99993 0.011501 -0.0027507 -0.011503 0.99993 -0.0008028 0.0027413 0.0008344 1 0.0064811 -0.044343 2.6955
192 0.99993 0.011366 -0.002713 -0.011368 0.99994 -0.0008405 0.0027033 0.0008713 1 0.0064585 -0.044311 2.6955
193 0.99993 0.011537 -0.0026989 -0.011539 0.99993 -0.0008705 0.0026886 0.0009016 1 0.0064435 -0.044295 2.6955
194 0.99993 0.011501 -0.0026639 -0.011503 0.99993 -0.0008502 0.0026539 0.0008808 1 0.0064404 -0.044312 2.6955
195 0.99993 0.011369 -0.0027523 -0.011371 0.99994 -0.0007535 0.0027436 0.0007847 1 0.0064564 -0.04431 2.6956
196 0.99993 0.011502 -0.0026503 -0.011504 0.99993 -0.0008152 0.0026408 0.0008456 1 0.0064484 -0.044304 2.6955
197 0.99993 0.011447 -0.0026863 -0.011449 0.99993 -0.0008717 0.0026761 0.0009024 1 0.0064202 -0.044306 2.6955
198 0.99993 0.011419 -0.0026707 -0.011421 0.99993 -0.0007729 0.0026617 0.0008033 1 0.0064472 -0.044306 2.6957
199 0.99993 0.011518 -0.0027534 -0.01152 0.99993 -0.0008573 0.0027433 0.000889 1 0.0064651 -0.044308 2.6955
200 0.99993 0.0114 -0.0027455 -0.011402 0.99993 -0.0007546 0.0027367 0.0007858 1 0.0064717 -0.044338 2.6955
201 0.99993 0.011471 -0.0027631 -0.011473 0.99993 -0.0008229 0.0027535 0.0008545 1 0.0064594 -0.04433 2.6954
202 0.99993 0.01138 -0.0028007 -0.011382 0.99993 -0.0008206 0.0027912 0.0008525 1 0.006448 -0.044304 2.6956
203 0.99993 0.011467 -0.002785 -0.011469 0.99993 -0.0007031 0.0027767 0.000735 1 0.0064902 -0.044289 2.6956
204 0.99993 0.011469 -0.0027782 -0.011471 0.99993 -0.0007496 0.0027694 0.0007814 1 0.006482 -0.044327 2.6956
205 0.99993 0.011337 -0.0026976 -0.011339 0.99994 -0.0007177 0.0026893 0.0007482 1 0.0064317 -0.044349 2.6955
206 0.99993 0.011409 -0.0028208 -0.011411 0.99993 -0.000784 0.0028117 0.0008161 1 0.0064587 -0.044292 2.6955
207 0.99993 0.011474 -0.0027158 -0.011476 0.99993 -0.0007082 0.0027075 0.0007393 1 0.006417 -0.044375 2.6955
208 0.99993 0.01154 -0.002692 -0.011542 0.99993 -0.00075 0.0026832 0.000781 1 0.0064464 -0.044322 2.6955
209 0.99993 0.0113 -0.0027796 -0.011302 0.99994 -0.0007702 0.0027707 0.0008016 1 0.0064653 -0.044329 2.6955
210 0.99993 0.011436 -0.0026511 -0.011438 0.99993 -0.0008343 0.0026414 0.0008646 1 0.0064183 -0.044296 2.6955
211 0.99993 0.011442 -0.002778 -0.011445 0.99993 -0.0007896 0.0027688 0.0008214 1 0.006449 -0.044307 2.6955
212 0.99993 0.01154 -0.0026828 -0.011543 0.99993 -0.0008164 0.0026732 0.0008474 1 0.0064335 -0.044319 2.6955
213 0.99993 0.011414 -0.0027224 -0.011416 0.99993 -0.0007968 0.0027132 0.0008278 1 0.0064469 -0.044324 2.6955
214 0.99993 0.011451 -0.0027665 -0.011454 0.99993 -0.000814 0.002757 0.0008457 1 0.0064241 -0.044308 2.6955
215 0.99993 0.011429 -0.0027706 -0.011432 0.99993 -0.0008223 0.002761 0.0008539 1 0.0064405 -0.044301 2.6954
216 0.99993 0.011472 -0.0027245 -0.011474 0.99993 -0.0007467 0.0027158 0.0007779 1 0.0064259 -0.044301 2.6955
217 0.99993 0.011356 -0.0026391 -0.011358 0.99994 -0.0007222 0.0026307 0.0007522 1 0.0063713 -0.044361 2.6955
218 0.99993 0.011396 -0.0027441 -0.011398 0.99993 -0.0007246 0.0027356 0.0007559 1 0.0064204 -0.044323 2.6955
219 0.99993 0.011539 -0.0027426 -0.011541 0.99993 -0.0008108 0.002733 0.0008424 1 0.0064285 -0.044315 2.6954
220 0.99993 0.011419 -0.0029054 -0.011421 0.99993 -0.0007205 0.002897 0.0007536 1 0.0065217 -0.044334 2.6954
221 0.99993 0.011418 -0.0028185 -0.01142 0.99993 -0.0007904 0.0028093 0.0008226 1 0.0064687 -0.044304 2.6954
222 0.99993 0.011366 -0.0027557 -0.011369 0.99994 -0.000824 0.0027462 0.0008553 1 0.0064429 -0.044313 2.6954
223 0.99993 0.011354 -0.0028091 -0.011356 0.99994 -0.0007863 0.0028 0.0008182 1 0.0064526 -0.044325 2.6955
224 0.99993 0.01126 -0.0028269 -0.011262 0.99994 -0.0007572 0.0028182 0.0007889 1 0.0064521 -0.044312 2.6954
225 0.99993 0.011352 -0.0028202 -0.011354 0.99994 -0.0007929 0.002811 0.0008249 1 0.0064647 -0.044323 2.6954
226 0.99993 0.011436 -0.0027399 -0.011438 0.99993 -0.0007041 0.0027316 0.0007354 1 0.0064264 -0.04434 2.6954
227 0.99993 0.011408 -0.0027886 -0.01141 0.99993 -0.0008566 0.0027787 0.0008883 1 0.0064942 -0.04429 2.6955
228 0.99993 0.011418 -0.0028109 -0.01142 0.99993 -0.0006316 0.0028036 0.0006636 1 0.0064759 -0.044371 2.6954
229 0.99993 0.01147 -0.0027754 -0.011471 0.99993 -0.0006303 0.002768 0.0006621 1 0.0064583 -0.044368 2.6954
230 0.99993 0.011558 -0.0027313 -0.01156 0.99993 -0.000745 0.0027225 0.0007765 1 0.0064052 -0.04433 2.6955
231 0.99993 0.011536 -0.0027806 -0.011538 0.99993 -0.0006795 0.0027725 0.0007115 1 0.0064391 -0.044335 2.6955
232 0.99993 0.011458 -0.0027472 -0.01146 0.99993 -0.0006756 0.0027393 0.000707 1 0.0064264 -0.044359 2.6954
233 0.99993 0.011398 -0.0027708 -0.0114 0.99993 -0.0005811 0.002764 0.0006127 1 0.0064844 -0.044387 2.6954
234 0.99993 0.011572 -0.0027696 -0.011574 0.99993 -0.0006177 0.0027623 0.0006497 1 0.0064403 -0.044342 2.6956
235 0.99993 0.011615 -0.0026614 -0.011617 0.99993 -0.0007574 0.0026524 0.0007883 1 0.0064151 -0.044304 2.6955
236 0.99993 0.011442 -0.0026696 -0.011444 0.99993 -0.000698 0.0026614 0.0007285 1 0.0064011 -0.044301 2.6956
237 0.99993 0.011455 -0.0027256 -0.011457 0.99993 -0.0007072 0.0027173 0.0007384 1 0.0064322 -0.044366 2.6954
238 0.99993 0.011545 -0.0026595 -0.011547 0.99993 -0.0007521 0.0026506 0.0007828 1 0.0064109 -0.044309 2.6955
239 0.99993 0.011442 -0.0026899 -0.011444 0.99993 -0.0006898 0.0026818 0.0007206 1 0.0064607 -0.044337 2.6955
240 0.99993 0.011571 -0.0027244 -0.011573 0.99993 -0.000732 0.0027157 0.0007635 1 0.0064351 -0.044299 2.6956
241 0.99993 0.011483 -0.0027561 -0.011485 0.99993 -0.0007101 0.0027478 0.0007417 1 0.0064547 -0.044301 2.6955
242 0.99993 0.011526 -0.0028144 -0.011528 0.99993 -0.0007218 0.0028059 0.0007541 1 0.0064586 -0.044332 2.6955
243 0.99993 0.011515 -0.0027213 -0.011517 0.99993 -0.0008019 0.0027119 0.0008332 1 0.0064317 -0.044303 2.6955
244 0.99993 0.011513 -0.0027013 -0.011514 0.99993 -0.0006875 0.0026932 0.0007185 1 0.0064266 -0.044347 2.6955
245 0.99993 0.011465 -0.0027976 -0.011467 0.99993 -0.000666 0.0027898 0.000698 1 0.0064563 -0.044376 2.6954
246 0.99993 0.01141 -0.0027572 -0.011412 0.99993 -0.0006584 0.0027495 0.0006898 1 0.0064336 -0.044343 2.6956
247 0.99993 0.011501 -0.0027284 -0.011503 0.99993 -0.0006741 0.0027205 0.0007055 1 0.0064258 -0.044341 2.6955
248 0.99993 0.011524 -0.0026242 -0.011525 0.99993 -0.0006084 0.002617 0.0006386 1 0.006389 -0.044372 2.6956
249 0.99993 0.011436 -0.002726 -0.011438 0.99993 -0.0005818 0.0027192 0.0006129 1 0.0064623 -0.044381 2.6956
250 0.99993 0.011558 -0.0026885 -0.011559 0.99993 -0.0006784 0.0026805 0.0007094 1 0.0064283 -0.044352 2.6955
251 0.99993 0.01127 -0.0026543 -0.011272 0.99994 -0.0006567 0.0026467 0.0006866 1 0.0064298 -0.044349 2.6956
252 0.99993 0.011499 -0.0028068 -0.011501 0.99993 -0.000761 0.0027979 0.0007932 1 0.0064777 -0.044284 2.6956
253 0.99993 0.011381 -0.0026984 -0.011383 0.99994 -0.0006545 0.0026908 0.0006851 1 0.0064386 -0.044341 2.6955
254 0.99993 0.011455 -0.0028673 -0.011457 0.99993 -0.0006323 0.0028599 0.0006651 1 0.0065351 -0.04436 2.6955
255 0.99993 0.011462 -0.0027699 -0.011465 0.99993 -0.0007318 0.0027614 0.0007635 1 0.0064933 -0.044321 2.6955
256 0.99993 0.011421 -0.002788 -0.011423 0.99993 -0.0006288 0.0027807 0.0006606 1 0.0064576 -0.044325 2.6955
257 0.99993 0.011377 -0.0028267 -0.011379 0.99994 -0.0006452 0.0028192 0.0006773 1 0.0064929 -0.044336 2.6956
258 0.99993 0.011201 -0.0027751 -0.011203 0.99994 -0.0007567 0.0027665 0.0007877 1 0.006512 -0.044295 2.6956
259 0.99993 0.011331 -0.0028384 -0.011333 0.99994 -0.0007151 0.0028302 0.0007472 1 0.0064604 -0.044299 2.6955
260 0.99993 0.011352 -0.0027002 -0.011355 0.99994 -0.0007987 0.0026909 0.0008293 1 0.0064228 -0.044327 2.6955
261 0.99993 0.011261 -0.0028255 -0.011263 0.99994 -0.0006726 0.0028178 0.0007044 1 0.0064958 -0.044328 2.6955
262 0.99993 0.011378 -0.0027482 -0.01138 0.99994 -0.0007023 0.00274 0.0007335 1 0.0064241 -0.044332 2.6955
263 0.99993 0.01132 -0.0028087 -0.011322 0.99994 -0.0006602 0.002801 0.000692 1 0.0064926 -0.044376 2.6955
264 0.99993 0.011231 -0.0027607 -0.011232 0.99994 -0.0006342 0.0027534 0.0006651 1 0.006462 -0.044356 2.6955
265 0.99993 0.011426 -0.0028299 -0.011428 0.99993 -0.0006544 0.0028222 0.0006866 1 0.0064867 -0.044352 2.6955
266 0.99993 0.011291 -0.0027524 -0.011292 0.99994 -0.0005739 0.0027457 0.0006049 1 0.0064298 -0.044377 2.6955
267 0.99993 0.011497 -0.0027993 -0.011499 0.99993 -0.000608 0.0027921 0.0006401 1 0.0064391 -0.044362 2.6955
268 0.99993 0.011341 -0.0028098 -0.011342 0.99994 -0.0006163 0.0028026 0.0006481 1 0.0065027 -0.044367 2.6956
269 0.99993 0.011318 -0.0028081 -0.011319 0.99994 -0.0006584 0.0028005 0.0006901 1 0.0064814 -0.04433 2.6955
270 0.99993 0.011329 -0.0027979 -0.011331 0.99994 -0.0006881 0.0027899 0.0007197 1 0.0064601 -0.044352 2.6956
271 0.99993 0.011421 -0.0028169 -0.011423 0.99993 -0.0006806 0.0028089 0.0007127 1 0.0064509 -0.044347 2.6955
272 0.99993 0.011392 -0.0028332 -0.011393 0.99993 -0.0005688 0.0028265 0.000601 1 0.0064888 -0.04437 2.6955
273 0.99993 0.011284 -0.0028215 -0.011286 0.99994 -0.0007007 0.0028134 0.0007325 1 0.0064692 -0.044351 2.6955
274 0.99993 0.011321 -0.0027747 -0.011323 0.99994 -0.0005621 0.0027681 0.0005935 1 0.0064278 -0.04439 2.6955
275 0.99993 0.011335 -0.0027603 -0.011336 0.99994 -0.0006865 0.0027523 0.0007178 1 0.0064879 -0.044358 2.6955
276 0.99993 0.011233 -0.0027109 -0.011235 0.99994 -0.0006571 0.0027034 0.0006875 1 0.0064731 -0.044338 2.6956
277 0.99993 0.011331 -0.0027132 -0.011333 0.99994 -0.0007105 0.002705 0.0007412 1 0.0064619 -0.044323 2.6955
278 0.99993 0.011381 -0.0027037 -0.011383 0.99994 -0.0007338 0.0026952 0.0007645 1 0.0064228 -0.044329 2.6955
279 0.99993 0.011312 -0.0027409 -0.011314 0.99994 -0.0006578 0.0027332 0.0006888 1 0.0064382 -0.044348 2.6954
280 0.99993 0.011381 -0.0027671 -0.011383 0.99994 -0.000664 0.0027593 0.0006955 1 0.0064717 -0.044371 2.6956
281 0.99993 0.011345 -0.0027728 -0.011347 0.99994 -0.0006812 0.0027649 0.0007126 1 0.0064704 -0.044334 2.6956
282 0.99993 0.01132 -0.00283 -0.011322 0.99994 -0.0006305 0.0028227 0.0006625 1 0.0064906 -0.044359 2.6955
283 0.99993 0.011435 -0.0029036 -0.011437 0.99993 -0.0006309 0.0028962 0.0006641 1 0.006478 -0.044379 2.6955
284 0.99993 0.011347 -0.0028217 -0.011349 0.99994 -0.0006401 0.0028142 0.0006721 1 0.006491 -0.044329 2.6955
285 0.99993 0.01149 -0.0028104 -0.011492 0.99993 -0.0007464 0.0028017 0.0007787 1 0.0064644 -0.044335 2.6955
286 0.99993 0.01128 -0.0028255 -0.011282 0.99994 -0.0007038 0.0028174 0.0007356 1 0.006495 -0.044334 2.6955
287 0.99993 0.011409 -0.0028424 -0.011411 0.99993 -0.0007397 0.0028338 0.0007721 1 0.0064916 -0.04431 2.6955
288 0.99993 0.011404 -0.0028261 -0.011406 0.99993 -0.000654 0.0028184 0.0006862 1 0.0065007 -0.044376 2.6955
289 0.99993 0.011335 -0.0028633 -0.011337 0.99994 -0.0006224 0.002856 0.0006548 1 0.0064842 -0.044349 2.6956
290 0.99993 0.011387 -0.0028381 -0.011389 0.99993 -0.0006927 0.00283 0.000725 1 0.0064929 -0.044345 2.6956
291 0.99993 0.011392 -0.0028455 -0.011394 0.99993 -0.0005591 0.002839 0.0005915 1 0.0064991 -0.044379 2.6955
292 0.99993 0.011367 -0.0028482 -0.011369 0.99994 -0.0006466 0.0028406 0.000679 1 0.0065086 -0.044336 2.6955
293 0.99993 0.011378 -0.0028284 -0.01138 0.99994 -0.000639 0.0028209 0.0006711 1 0.0064954 -0.044379 2.6955
294 0.99993 0.011228 -0.0027998 -0.01123 0.99994 -0.0006042 0.0027928 0.0006356 1 0.0065002 -0.044384 2.6954
295 0.99993 0.011225 -0.0029231 -0.011227 0.99994 -0.0006806 0.0029153 0.0007133 1 0.0065312 -0.044379 2.6955
296 0.99993 0.01128 -0.0028515 -0.011283 0.99994 -0.0007285 0.0028431 0.0007606 1 0.0064946 -0.04434 2.6955
297 0.99993 0.011289 -0.0029368 -0.011291 0.99994 -0.0007677 0.0029279 0.0008008 1 0.0065323 -0.044287 2.6955
298 0.99993 0.011302 -0.0028661 -0.011305 0.99994 -0.0008567 0.0028562 0.000889 1 0.0065156 -0.044299 2.6955
299 0.99993 0.011424 -0.0028116 -0.011426 0.99993 -0.0006615 0.0028038 0.0006936 1 0.0064986 -0.044331 2.6955
300 0.99993 0.011356 -0.0029062 -0.011358 0.99994 -0.0007466 0.0028975 0.0007795 1 0.0065248 -0.044326 2.6955
301 0.99993 0.011307 -0.0029279 -0.011309 0.99994 -0.0007223 0.0029196 0.0007554 1 0.0065709 -0.044352 2.6955
302 0.99993 0.01129 -0.0028524 -0.011292 0.99994 -0.0007317 0.002844 0.0007639 1 0.0064909 -0.044325 2.6955
303 0.99993 0.011354 -0.0028902 -0.011357 0.99994 -0.0008399 0.0028805 0.0008727 1 0.0065144 -0.044322 2.6955
304 0.99993 0.011287 -0.0029172 -0.011289 0.99994 -0.0007584 0.0029085 0.0007913 1 0.006529 -0.044319 2.6955
305 0.99993 0.011309 -0.0028816 -0.011311 0.99994 -0.0007254 0.0028732 0.000758 1 0.0065009 -0.044358 2.6955
306 0.99993 0.011265 -0.0027979 -0.011267 0.99994 -0.0008274 0.0027884 0.0008589 1 0.0065028 -0.044317 2.6955
307 0.99993 0.011369 -0.002786 -0.011371 0.99994 -0.0006672 0.0027783 0.0006988 1 0.0064907 -0.044341 2.6955
308 0.99993 0.011313 -0.0028164 -0.011315 0.99994 -0.0007648 0.0028076 0.0007966 1 0.0065252 -0.044339 2.6955
309 0.99993 0.011316 -0.0028408 -0.011318 0.99994 -0.0006714 0.002833 0.0007035 1 0.0064907 -0.044366 2.6954
310 0.99993 0.011199 -0.0028648 -0.011201 0.99994 -0.0007066 0.0028567 0.0007386 1 0.0065029 -0.044375 2.6955
311 0.99993 0.011412 -0.0028031 -0.011415 0.99993 -0.000834 0.0027934 0.0008659 1 0.0065059 -0.044313 2.6955
312 0.99993 0.011327 -0.002769 -0.011329 0.99994 -0.0006818 0.0027611 0.0007131 1 0.0064484 -0.044344 2.6955
313 0.99993 0.011334 -0.0029101 -0.011336 0.99994 -0.0007731 0.0029011 0.000806 1 0.0064963 -0.044336 2.6955
314 0.99993 0.011344 -0.0029043 -0.011346 0.99994 -0.0007166 0.002896 0.0007495 1 0.0065098 -0.044325 2.6955
315 0.99993 0.011444 -0.0029353 -0.011446 0.99993 -0.0007312 0.0029267 0.0007647 1 0.0065303 -0.044341 2.6955
316 0.99993 0.011301 -0.002985 -0.011303 0.99994 -0.0007217 0.0029767 0.0007554 1 0.0065485 -0.044359 2.6955
317 0.99993 0.011295 -0.002886 -0.011297 0.99994 -0.0007419 0.0028775 0.0007744 1 0.0065223 -0.044327 2.6955
318 0.99993 0.011373 -0.0029098 -0.011375 0.99994 -0.0007354 0.0029013 0.0007685 1 0.0065293 -0.044349 2.6955
319 0.99993 0.011333 -0.0029602 -0.011336 0.99994 -0.0007434 0.0029516 0.0007769 1 0.0065604 -0.044324 2.6954
320 0.99993 0.011369 -0.0029829 -0.011371 0.99994 -0.0007111 0.0029746 0.000745 1 0.0065464 -0.044313 2.6955
321 0.99993 0.01126 -0.0028296 -0.011262 0.99994 -0.0007744 0.0028207 0.0008062 1 0.0065086 -0.044339 2.6955
322 0.99993 0.011268 -0.0029836 -0.011271 0.99994 -0.0007878 0.0029745 0.0008214 1 0.0065587 -0.044292 2.6955
323 0.99993 0.011435 -0.0029442 -0.011437 0.99993 -0.0007209 0.0029357 0.0007545 1 0.0064972 -0.044359 2.6955
324 0.99993 0.011543 -0.0028046 -0.011545 0.99993 -0.0008046 0.0027951 0.0008369 1 0.0064662 -0.044304 2.6955
325 0.99993 0.011431 -0.0028265 -0.011433 0.99993 -0.0008012 0.0028171 0.0008335 1 0.006468 -0.044307 2.6955
326 0.99993 0.011511 -0.0027285 -0.011514 0.99993 -0.0008727 0.0027183 0.0009041 1 0.0064198 -0.044295 2.6955
327 0.99993 0.011635 -0.0027535 -0.011637 0.99993 -0.0007807 0.0027442 0.0008127 1 0.0064456 -0.044299 2.6954
328 0.99993 0.011359 -0.0028164 -0.011361 0.99994 -0.0008311 0.0028067 0.000863 1 0.0064705 -0.044336 2.6954
329 0.99993 0.011581 -0.0027926 -0.011583 0.99993 -0.0007468 0.0027838 0.0007791 1 0.0064769 -0.044346 2.6955
330 0.99993 0.011475 -0.0026887 -0.011477 0.99993 -0.0008047 0.0026793 0.0008355 1 0.0064085 -0.044309 2.6955
331 0.99993 0.01152 -0.0027765 -0.011522 0.99993 -0.0007789 0.0027674 0.0008109 1 0.0064389 -0.044365 2.6954
332 0.99993 0.01145 -0.0029043 -0.011453 0.99993 -0.0008298 0.0028946 0.000863 1 0.0065128 -0.044326 2.6954
333 0.99993 0.011456 -0.0028292 -0.011458 0.99993 -0.0008685 0.002819 0.0009008 1 0.0064627 -0.044326 2.6954
334 0.99993 0.011458 -0.002742 -0.01146 0.99993 -0.0008789 0.0027318 0.0009102 1 0.0064378 -0.044284 2.6955
335 0.99993 0.011351 -0.0027819 -0.011353 0.99994 -0.0008145 0.0027724 0.000846 1 0.0064423 -0.044311 2.6954
336 0.99993 0.011543 -0.0028226 -0.011546 0.99993 -0.000833 0.0028128 0.0008656 1 0.0064852 -0.044319 2.6954
337 0.99993 0.011523 -0.0026975 -0.011525 0.99993 -0.000702 0.0026892 0.000733 1 0.0064061 -0.044343 2.6955
338 0.99993 0.011564 -0.0027864 -0.011566 0.99993 -0.0008531 0.0027763 0.0008853 1 0.0064674 -0.044305 2.6955
339 0.99993 0.011576 -0.0028502 -0.011579 0.99993 -0.0007761 0.002841 0.0008091 1 0.0064629 -0.044288 2.6955
340 0.99993 0.011646 -0.0027906 -0.011648 0.99993 -0.0007281 0.0027819 0.0007606 1 0.0064495 -0.044325 2.6955
341 0.99993 0.011606 -0.002717 -0.011609 0.99993 -0.0008248 0.0027073 0.0008563 1 0.0064145 -0.044305 2.6955
342 0.99993 0.011604 -0.0027589 -0.011606 0.99993 -0.0007065 0.0027506 0.0007385 1 0.0064291 -0.04434 2.6954
343 0.99993 0.011622 -0.0028801 -0.011624 0.99993 -0.0006968 0.0028718 0.0007302 1 0.0064941 -0.044325 2.6955
344 0.99993 0.01161 -0.0027332 -0.011613 0.99993 -0.0008055 0.0027237 0.0008372 1 0.006465 -0.044267 2.6957
345 0.99993 0.011574 -0.0027699 -0.011576 0.99993 -0.0007455 0.0027611 0.0007775 1 0.0064618 -0.044305 2.6955
346 0.99993 0.011468 -0.0027022 -0.01147 0.99993 -0.0009163 0.0026915 0.0009473 1 0.0064506 -0.044272 2.6955
347 0.99993 0.011369 -0.0027192 -0.011372 0.99994 -0.0008485 0.0027094 0.0008794 1 0.0064562 -0.044282 2.6954
348 0.99993 0.011242 -0.0028204 -0.011245 0.99994 -0.0008631 0.0028105 0.0008948 1 0.006491 -0.044312 2.6955
349 0.99993 0.011372 -0.0028065 -0.011374 0.99994 -0.0007464 0.0027978 0.0007782 1 0.0064921 -0.044344 2.6955
350 0.99993 0.011388 -0.0027694 -0.01139 0.99993 -0.0007186 0.002761 0.0007501 1 0.0064806 -0.044353 2.6954
351 0.99993 0.01144 -0.002762 -0.011442 0.99993 -0.0008009 0.0027527 0.0008325 1 0.0064701 -0.044363 2.6954
352 0.99993 0.011404 -0.002927 -0.011406 0.99993 -0.0007989 0.0029177 0.0008322 1 0.0064923 -0.044328 2.6954
353 0.99993 0.011424 -0.0028782 -0.011426 0.99993 -0.0007477 0.0028695 0.0007805 1 0.0065457 -0.044355 2.6954
354 0.99993 0.011449 -0.0029435 -0.011451 0.99993 -0.0008143 0.002934 0.000848 1 0.0065448 -0.044304 2.6955
355 0.99993 0.011407 -0.0028686 -0.011409 0.99993 -0.0006884 0.0028606 0.0007211 1 0.0065069 -0.044313 2.6954
356 0.99993 0.011579 -0.0028761 -0.011581 0.99993 -0.0007418 0.0028673 0.0007751 1 0.0064964 -0.044351 2.6955
357 0.99993 0.011521 -0.0029186 -0.011523 0.99993 -0.00077 0.0029096 0.0008036 1 0.0065221 -0.044318 2.6955
358 0.99993 0.011697 -0.0028017 -0.011699 0.99993 -0.0007838 0.0027923 0.0008165 1 0.0064372 -0.044321 2.6954
359 0.99993 0.011509 -0.0028874 -0.011511 0.99993 -0.0009504 0.0028763 0.0009835 1 0.0064809 -0.04427 2.6956
360 0.99993 0.011405 -0.0029001 -0.011407 0.99993 -0.0006861 0.0028921 0.0007192 1 0.0064831 -0.044337 2.6955
361 0.99993 0.0116 -0.0028117 -0.011602 0.99993 -0.0007451 0.0028028 0.0007776 1 0.0064557 -0.04433 2.6955
362 0.99993 0.011479 -0.0029266 -0.011481 0.99993 -0.0007668 0.0029176 0.0008003 1 0.0064951 -0.044346 2.6954
363 0.99993 0.011519 -0.0028079 -0.011521 0.99993 -0.0006986 0.0027997 0.0007309 1 0.0064391 -0.044346 2.6955
