1 0 0 0 0 0 0 0 0 0 0 0 0
2 1 -0.0011171 -0.0001875 0.0011168 1 -0.0015833 0.0001892 0.001583 1 0.0001373 0.0001199 0.05403
3 1 0.0019682 -0.0003905 -0.0019677 1 0.0012946 0.0003931 -0.0012938 1 0.0005271 -9.7e-06 0.10768
4 0.99999 0.0022052 -0.0027568 -0.0021919 0.99999 0.0048209 0.0027674 -0.0048148 0.99998 0.001568 0.0006137 0.16369
5 0.99999 0.0029039 -0.0017298 -0.0028924 0.99997 0.0066606 0.0017491 -0.0066555 0.99998 0.0006254 0.0012623 0.21601
6 0.99999 0.0031028 -0.0014312 -0.0030916 0.99997 0.0077562 0.0014552 -0.0077517 0.99997 0.0004736 0.0014863 0.26826
7 1 0.0021813 -0.0008696 -0.0021752 0.99997 0.0068702 0.0008845 -0.0068682 0.99998 -0.0005419 0.0019988 0.32063
8 1 0.0026477 -0.0007244 -0.0026434 0.99998 0.0058992 0.00074 -0.0058972 0.99998 -0.0013171 0.0023536 0.37279
9 0.99999 0.0028091 -0.0016072 -0.0028008 0.99998 0.0051345 0.0016216 -0.00513 0.99999 -0.0010989 0.0026415 0.42553
10 0.99999 0.0033267 -0.0010456 -0.0033221 0.99998 0.0044022 0.0010603 -0.0043987 0.99999 -0.0023167 0.0033189 0.47663
11 0.99999 0.0043163 -0.0007154 -0.0043124 0.99998 0.0053098 0.0007383 -0.0053066 0.99999 -0.0028381 0.0035452 0.52694
12 0.99999 0.0042433 -0.0006121 -0.0042396 0.99997 0.0059536 0.0006373 -0.005951 0.99998 -0.0029432 0.0039093 0.57889
13 0.99998 0.0064604 -0.0007925 -0.006456 0.99996 0.0054121 0.0008274 -0.0054069 0.99999 -0.0035475 0.0041147 0.63009
14 0.99999 0.0048363 -0.0006736 -0.0048332 0.99998 0.0045269 0.0006955 -0.0045236 0.99999 -0.0036655 0.004761 0.68115
15 0.99998 0.0055442 -0.00115 -0.0055378 0.99997 0.005514 0.0011805 -0.0055075 0.99998 -0.0033308 0.0049193 0.73151
16 0.99998 0.0058822 -0.0012078 -0.0058738 0.99996 0.0068 0.0012478 -0.0067928 0.99998 -0.0036742 0.0050421 0.78271
17 0.99999 0.004532 -0.0013633 -0.0045223 0.99997 0.0069792 0.0013949 -0.0069729 0.99997 -0.0040068 0.00564 0.83354
18 1 0.0020639 -0.001105 -0.0020555 0.99997 0.0075187 0.0011205 -0.0075164 0.99997 -0.0040262 0.0061573 0.88402
19 1 0.002966 -0.0010316 -0.0029591 0.99997 0.0066067 0.0010512 -0.0066037 0.99998 -0.004341 0.0066866 0.93439
20 0.99999 0.0039817 -0.0016744 -0.0039753 0.99998 0.0037992 0.0016895 -0.0037925 0.99999 -0.0043039 0.0066199 0.98407
21 0.99999 0.0027263 -0.0017519 -0.0027229 0.99999 0.0019481 0.0017572 -0.0019433 1 -0.0049179 0.0069593 1.0326
22 0.99998 0.0052819 -0.0019496 -0.0052734 0.99998 0.0043693 0.0019726 -0.0043589 0.99999 -0.0054258 0.0068484 1.0818
23 0.99997 0.0075982 -0.0021574 -0.0075851 0.99995 0.0060504 0.0022032 -0.0060338 0.99998 -0.005679 0.0074288 1.1308
24 0.99995 0.0097131 -0.002316 -0.0096966 0.99993 0.0070338 0.0023842 -0.007011 0.99997 -0.0059215 0.0076296 1.1795
25 0.99994 0.011114 -0.0025632 -0.011094 0.99991 0.0076477 0.002648 -0.0076188 0.99997 -0.0056133 0.0080326 1.2289
26 0.99991 0.013115 -0.002732 -0.013097 0.99989 0.0064442 0.0028163 -0.0064078 0.99998 -0.0063398 0.0086965 1.278
27 0.99986 0.016244 -0.0033005 -0.01623 0.99986 0.0042753 0.0033695 -0.0042211 0.99999 -0.0074122 0.0088581 1.3274
28 0.99982 0.018651 -0.0039677 -0.018638 0.99982 0.0031359 0.0040255 -0.0030614 0.99999 -0.0078068 0.0092616 1.3767
29 0.99975 0.021717 -0.0047436 -0.021694 0.99975 0.0048244 0.0048472 -0.0047203 0.99998 -0.0081312 0.0099462 1.4261
30 0.99972 0.022986 -0.0049499 -0.022952 0.99971 0.0068401 0.0051057 -0.0067246 0.99996 -0.0091173 0.010337 1.4747
31 0.99965 0.025796 -0.0058197 -0.025754 0.99964 0.0072982 0.0060058 -0.0071458 0.99996 -0.0095415 0.010642 1.5237
32 0.99964 0.025853 -0.0066529 -0.025811 0.99965 0.0063612 0.006815 -0.0061872 0.99996 -0.010643 0.011253 1.5733
33 0.99964 0.025622 -0.008058 -0.025572 0.99965 0.006229 0.0082148 -0.0060207 0.99995 -0.010926 0.011815 1.623
34 0.99964 0.025163 -0.0088872 -0.0251 0.99966 0.0071307 0.0090636 -0.0069051 0.99994 -0.011716 0.012176 1.6726
35 0.99963 0.025428 -0.0091408 -0.025363 0.99965 0.0071775 0.0093201 -0.006943 0.99993 -0.012889 0.012708 1.7233
36 0.99962 0.025923 -0.0091284 -0.025858 0.99964 0.0071262 0.0093099 -0.0068875 0.99993 -0.013289 0.013383 1.7736
37 0.9996 0.027294 -0.0078272 -0.027232 0.9996 0.0078922 0.0080394 -0.0076759 0.99994 -0.013994 0.01397 1.824
38 0.99959 0.027888 -0.0058317 -0.027835 0.99957 0.0090146 0.0060806 -0.0088486 0.99994 -0.014714 0.014892 1.8749
39 0.9996 0.028158 -0.0040518 -0.028119 0.99956 0.0092671 0.0043109 -0.0091494 0.99995 -0.014827 0.015307 1.9259
40 0.99961 0.027717 -0.0016525 -0.027702 0.99958 0.0082899 0.0018816 -0.008241 0.99996 -0.015314 0.016018 1.9771
41 0.99967 0.025814 0.0003695 -0.025816 0.99964 0.0076448 -0.0001721 -0.0076518 0.99997 -0.015204 0.016571 2.0289
42 0.99968 0.025131 0.0028638 -0.025153 0.99965 0.0080383 -0.0026607 -0.0081077 0.99996 -0.015274 0.017076 2.081
43 0.99971 0.023388 0.0048091 -0.023429 0.99969 0.0086363 -0.0046057 -0.0087465 0.99995 -0.015014 0.017971 2.1337
44 0.99972 0.022444 0.0074887 -0.022509 0.99971 0.0087748 -0.0072895 -0.0089409 0.99993 -0.015224 0.01851 2.1852
45 0.9997 0.022553 0.0091454 -0.022624 0.99971 0.0078087 -0.0089666 -0.0080133 0.99993 -0.014651 0.019273 2.2371
46 0.99974 0.019903 0.010878 -0.019982 0.99977 0.0071991 -0.010732 -0.0074146 0.99991 -0.013997 0.019803 2.2894
47 0.99972 0.020149 0.012634 -0.02024 0.99977 0.0071364 -0.012487 -0.0073901 0.99989 -0.01368 0.020313 2.3418
48 0.99977 0.015669 0.014548 -0.015789 0.99984 0.008193 -0.014418 -0.0084208 0.99986 -0.013168 0.020801 2.3944
49 0.99979 0.013969 0.014945 -0.014073 0.99988 0.0068882 -0.014847 -0.0070971 0.99986 -0.012192 0.021478 2.4477
50 0.99979 0.013528 0.015185 -0.013566 0.99991 0.0024009 -0.015151 -0.0026064 0.99988 -0.011325 0.021699 2.5009
51 0.99978 0.012858 0.016483 -0.012842 0.99992 -0.0010494 -0.016495 0.0008375 0.99986 -0.010997 0.022289 2.5531
52 0.99974 0.015129 0.017307 -0.015135 0.99989 0.0001831 -0.017302 -0.0004449 0.99985 -0.010177 0.022784 2.607
53 0.9997 0.016166 0.018202 -0.016235 0.99986 0.003629 -0.01814 -0.0039235 0.99983 -0.0092718 0.022784 2.6593
54 0.9997 0.016131 0.018425 -0.016211 0.99986 0.0042169 -0.018354 -0.0045143 0.99982 -0.0085956 0.023103 2.7117
55 0.99974 0.014534 0.017564 -0.0146 0.99989 0.0036589 -0.017509 -0.0039144 0.99984 -0.0070274 0.023579 2.765
56 0.99978 0.012369 0.017131 -0.012432 0.99992 0.0035941 -0.017085 -0.0038063 0.99985 -0.0061859 0.02364 2.8183
57 0.99981 0.011308 0.01587 -0.011372 0.99993 0.0039357 -0.015825 -0.0041154 0.99987 -0.0055178 0.02401 2.8712
58 0.99984 0.010285 0.014335 -0.010346 0.99994 0.0041685 -0.014292 -0.0043162 0.99989 -0.0051626 0.024819 2.925
59 0.99985 0.01153 0.012807 -0.011578 0.99993 0.0036611 -0.012763 -0.0038088 0.99991 -0.0050771 0.025056 2.9775
60 0.99987 0.012038 0.011045 -0.012077 0.99992 0.0034273 -0.011003 -0.0035602 0.99993 -0.0046621 0.025238 3.0302
61 0.99985 0.014627 0.0094191 -0.014671 0.99988 0.0046061 -0.0093507 -0.0047436 0.99994 -0.004151 0.025709 3.0829
62 0.99983 0.016503 0.0082227 -0.016557 0.99984 0.0065361 -0.0081135 -0.0066711 0.99994 -0.004189 0.026102 3.1347
63 0.99979 0.019614 0.0064938 -0.019656 0.99979 0.0064597 -0.0063657 -0.006586 0.99996 -0.0046433 0.026594 3.1874
64 0.99973 0.02259 0.0046672 -0.022613 0.99973 0.0047816 -0.0045579 -0.0048858 0.99998 -0.0050127 0.027087 3.2397
65 0.99969 0.02464 0.0033279 -0.02465 0.99969 0.0031743 -0.0032487 -0.0032553 0.99999 -0.0054833 0.027689 3.2925
66 0.99967 0.025808 0.0011517 -0.025811 0.99966 0.0028243 -0.0010785 -0.0028531 1 -0.0056561 0.028188 3.3446
67 0.9996 0.028117 -5.7e-06 -0.028117 0.9996 0.0016813 5.3e-05 -0.0016804 1 -0.0067186 0.028416 3.3973
68 0.9996 0.028264 -0.0018563 -0.028263 0.9996 0.0008735 0.0018803 -0.0008207 1 -0.0067472 0.028574 3.4498
69 0.99958 0.028758 -0.003309 -0.028753 0.99959 0.0013856 0.0033475 -0.0012899 0.99999 -0.0075069 0.029398 3.5024
70 0.99956 0.029443 -0.0047012 -0.029426 0.99956 0.0035556 0.0048038 -0.0034156 0.99998 -0.007877 0.029533 3.555
71 0.99955 0.029225 -0.0068025 -0.02919 0.99956 0.0051832 0.0069509 -0.0049823 0.99996 -0.0073507 0.029686 3.6077
72 0.99952 0.030144 -0.007004 -0.030106 0.99953 0.0055176 0.007167 -0.0053041 0.99996 -0.0094037 0.030014 3.6625
73 0.99952 0.029677 -0.0086149 -0.029634 0.99955 0.0050638 0.0087613 -0.0048061 0.99995 -0.0096104 0.030773 3.7157
74 0.99951 0.029523 -0.010113 -0.02946 0.99955 0.0062747 0.010294 -0.0059738 0.99993 -0.01028 0.031352 3.7691
75 0.99952 0.028617 -0.011628 -0.028517 0.99956 0.0086372 0.01187 -0.0083015 0.9999 -0.010735 0.031828 3.8232
76 0.99955 0.02698 -0.012981 -0.026844 0.99958 0.010521 0.013259 -0.010168 0.99986 -0.011928 0.032344 3.8776
77 0.99956 0.025829 -0.014656 -0.025668 0.99961 0.011066 0.014936 -0.010685 0.99983 -0.012682 0.033238 3.9314
78 0.99955 0.024727 -0.016764 -0.02456 0.99965 0.010106 0.017008 -0.0096899 0.99981 -0.013428 0.034201 3.9848
79 0.99952 0.024827 -0.018372 -0.024671 0.99966 0.0086236 0.01858 -0.0081662 0.99979 -0.014922 0.035084 4.0386
80 0.99948 0.02499 -0.020468 -0.02483 0.99966 0.0079959 0.020661 -0.0074835 0.99976 -0.016014 0.035755 4.0923
81 0.99943 0.025879 -0.021627 -0.0257 0.99963 0.0084995 0.021839 -0.0079389 0.99973 -0.017595 0.036429 4.1469
82 0.99938 0.027217 -0.022378 -0.027039 0.9996 0.0082099 0.022593 -0.0075997 0.99972 -0.019424 0.036765 4.2005
83 0.9994 0.026162 -0.022784 -0.025985 0.99963 0.0080393 0.022986 -0.0074424 0.99971 -0.020859 0.037325 4.2533
84 0.99943 0.024819 -0.022992 -0.024625 0.99966 0.0086587 0.0232 -0.0080875 0.9997 -0.022126 0.038092 4.3068
85 0.99951 0.021776 -0.022522 -0.021565 0.99972 0.0095794 0.022724 -0.009089 0.9997 -0.023642 0.038501 4.3599
86 0.99957 0.019509 -0.021827 -0.019304 0.99977 0.0095733 0.022008 -0.0091479 0.99972 -0.024896 0.039053 4.4124
87 0.99963 0.017363 -0.021005 -0.017166 0.99981 0.0095357 0.021167 -0.0091716 0.99973 -0.025778 0.039685 4.4652
88 0.99969 0.015721 -0.01927 -0.015529 0.99983 0.010066 0.019425 -0.0097636 0.99976 -0.026728 0.040183 4.5186
89 0.99972 0.015862 -0.01737 -0.015701 0.99983 0.0093725 0.017515 -0.0090972 0.99981 -0.027666 0.040806 4.5714
90 0.99979 0.014137 -0.014572 -0.014024 0.99987 0.007821 0.014681 -0.007615 0.99986 -0.028959 0.04096 4.6237
91 0.99984 0.013437 -0.012147 -0.013367 0.99989 0.0058463 0.012224 -0.005683 0.99991 -0.029935 0.041182 4.6761
92 0.99985 0.014256 -0.0097463 -0.014231 0.9999 0.0025771 0.009782 -0.002438 0.99995 -0.030373 0.041308 4.7279
93 0.99987 0.014238 -0.0071014 -0.01423 0.9999 0.0012374 0.0071183 -0.0011362 0.99997 -0.031447 0.041847 4.7801
94 0.99989 0.014198 -0.0047725 -0.014183 0.99989 0.0033194 0.0048191 -0.0032514 0.99998 -0.031672 0.041959 4.8328
95 0.99988 0.015062 -0.0029098 -0.015045 0.99987 0.00597 0.0029994 -0.0059255 0.99998 -0.032213 0.042321 4.8853
96 0.99989 0.014954 -0.0017531 -0.014943 0.99987 0.0061902 0.0018454 -0.0061633 0.99998 -0.032095 0.042885 4.9369
97 0.9999 0.014082 -0.0002913 -0.01408 0.99988 0.0057952 0.0003729 -0.0057905 0.99998 -0.033197 0.043029 4.9891
98 0.99991 0.013034 0.0004711 -0.013036 0.9999 0.0054042 -0.0004006 -0.0054099 0.99999 -0.033931 0.04314 5.0413
99 0.99992 0.012557 -0.0009659 -0.012552 0.99991 0.0053906 0.0010335 -0.0053781 0.99999 -0.033907 0.043771 5.0934
100 0.99991 0.01309 -0.0013632 -0.013082 0.9999 0.0057171 0.0014379 -0.0056988 0.99998 -0.03443 0.044327 5.1455
101 0.99988 0.015168 -0.0023074 -0.015155 0.99987 0.0055783 0.0023917 -0.0055427 0.99998 -0.035194 0.044712 5.1981
102 0.99987 0.015628 -0.0031482 -0.015612 0.99987 0.0049017 0.0032244 -0.0048519 0.99998 -0.035769 0.045445 5.2508
103 0.9998 0.019592 -0.0039653 -0.019575 0.9998 0.004181 0.0040464 -0.0041025 0.99998 -0.036319 0.046205 5.3034
104 0.99977 0.020808 -0.0046044 -0.02079 0.99978 0.0037804 0.004682 -0.0036838 0.99998 -0.036606 0.046613 5.3561
105 0.99972 0.02287 -0.0056177 -0.02285 0.99973 0.0036392 0.0056995 -0.0035098 0.99998 -0.036974 0.047004 5.4082
106 0.99967 0.024961 -0.006354 -0.024932 0.99968 0.0045278 0.006465 -0.0043679 0.99997 -0.03741 0.047462 5.4602
107 0.9996 0.027372 -0.006793 -0.027336 0.99961 0.0053895 0.0069379 -0.0052016 0.99996 -0.038255 0.047539 5.5117
108 0.99955 0.028947 -0.0072231 -0.028914 0.99957 0.0047158 0.0073565 -0.0045048 0.99996 -0.038879 0.047808 5.563
109 0.99946 0.031937 -0.0081659 -0.031907 0.99948 0.0037704 0.0082821 -0.0035078 0.99996 -0.039173 0.048309 5.6149
110 0.9994 0.033425 -0.0085503 -0.033401 0.99944 0.0028357 0.0086403 -0.0025484 0.99996 -0.039879 0.048548 5.667
111 0.99938 0.03418 -0.0087277 -0.034165 0.99941 0.0019253 0.0087884 -0.001626 0.99996 -0.040462 0.04882 5.7187
112 0.99935 0.034785 -0.0092466 -0.034759 0.99939 0.002897 0.0093418 -0.0025738 0.99995 -0.041004 0.048932 5.7695
113 0.9993 0.036184 -0.0093734 -0.036141 0.99934 0.0047242 0.0095381 -0.0043822 0.99994 -0.041552 0.049031 5.8206
114 0.99927 0.037211 -0.0087525 -0.037164 0.99929 0.0054273 0.0089483 -0.0050981 0.99995 -0.042848 0.049268 5.8721
115 0.99921 0.038654 -0.0089871 -0.038618 0.99925 0.0042272 0.0091437 -0.0038768 0.99995 -0.043217 0.049735 5.9228
116 0.99914 0.040568 -0.0080459 -0.040538 0.99917 0.0038639 0.0081959 -0.0035345 0.99996 -0.044389 0.049794 5.9737
117 0.99915 0.040508 -0.0080526 -0.040471 0.99917 0.0047124 0.0082368 -0.0043825 0.99996 -0.04473 0.050005 6.0239
118 0.99915 0.040656 -0.0071302 -0.040612 0.99916 0.006339 0.0073819 -0.006044 0.99995 -0.045487 0.050159 6.0743
119 0.9992 0.039326 -0.0067676 -0.039265 0.99919 0.0089048 0.0071123 -0.0086319 0.99994 -0.045717 0.050394 6.1252
120 0.9993 0.036957 -0.005807 -0.036892 0.99926 0.010897 0.0062055 -0.010675 0.99992 -0.04689 0.050978 6.1761
121 0.99937 0.034893 -0.0057661 -0.034829 0.99934 0.010755 0.0061376 -0.010548 0.99993 -0.046726 0.051372 6.2256
122 0.99941 0.033704 -0.0059584 -0.03365 0.99939 0.0090506 0.0062598 -0.0088448 0.99994 -0.047056 0.051743 6.2749
123 0.99947 0.032126 -0.0059388 -0.032078 0.99945 0.0081122 0.0061962 -0.0079173 0.99995 -0.047135 0.052574 6.3246
124 0.99951 0.031085 -0.0045648 -0.031037 0.99947 0.010197 0.0048793 -0.010051 0.99994 -0.047885 0.053014 6.3748
125 0.99953 0.030294 -0.0047778 -0.030235 0.99947 0.012079 0.0051412 -0.011929 0.99992 -0.047778 0.053526 6.4219
126 0.99958 0.02856 -0.0045176 -0.028505 0.99952 0.011816 0.0048529 -0.011683 0.99992 -0.048032 0.054169 6.4701
127 0.9996 0.028045 -0.0046423 -0.027991 0.99954 0.011417 0.0049603 -0.011283 0.99992 -0.048048 0.054645 6.5193
128 0.99962 0.027251 -0.0051335 -0.027188 0.99956 0.012048 0.0054595 -0.011904 0.99991 -0.04798 0.055283 6.5679
129 0.99965 0.026161 -0.0047542 -0.026097 0.99957 0.013139 0.0050959 -0.01301 0.9999 -0.0485 0.05599 6.616
130 0.99965 0.026051 -0.0054928 -0.025968 0.99955 0.014722 0.0058739 -0.014575 0.99988 -0.048277 0.056627 6.6637
131 0.99967 0.024786 -0.0061576 -0.024695 0.99959 0.014383 0.0065116 -0.014226 0.99988 -0.048032 0.05753 6.7108
132 0.99973 0.022559 -0.0049784 -0.02249 0.99966 0.013487 0.0052809 -0.013372 0.9999 -0.049022 0.058118 6.7562
133 0.9998 0.019353 -0.0040865 -0.019306 0.99975 0.011146 0.0043012 -0.011065 0.99993 -0.049337 0.058417 6.8021
134 0.99983 0.018262 -0.0035019 -0.018238 0.99981 0.0067993 0.0036254 -0.0067343 0.99997 -0.050072 0.059465 6.8483
135 0.99988 0.015124 -0.0026992 -0.015113 0.99988 0.0038599 0.0027572 -0.0038187 0.99999 -0.050621 0.059325 6.8938
136 0.99988 0.015174 -0.0028485 -0.015169 0.99988 0.0016956 0.0028739 -0.0016522 0.99999 -0.050249 0.059385 6.9399
137 0.99989 0.014778 -0.001772 -0.014777 0.99989 0.0010524 0.0017874 -0.0010261 1 -0.050554 0.059472 6.9846
138 0.99986 0.016966 -0.0005843 -0.016964 0.99985 0.0028836 0.0006331 -0.0028732 1 -0.050937 0.059691 7.031
139 0.99984 0.017751 0.0003063 -0.017752 0.99983 0.0056767 -0.0002054 -0.0056812 0.99998 -0.050869 0.060035 7.0762
140 0.99977 0.021417 0.0012186 -0.021426 0.99975 0.0069819 -0.0010688 -0.0070064 0.99997 -0.050697 0.060234 7.1211
141 0.99973 0.023005 0.0027284 -0.02302 0.99972 0.0057009 -0.0025965 -0.0057622 0.99998 -0.050643 0.060396 7.1652
142 0.99968 0.025049 0.0044414 -0.025063 0.99968 0.0031456 -0.0043612 -0.0032559 0.99999 -0.050599 0.060754 7.2082
143 0.99966 0.025202 0.0068577 -0.02521 0.99968 0.0011228 -0.0068272 -0.0012953 0.99998 -0.050587 0.060957 7.2517
144 0.99963 0.025996 0.0084158 -0.025997 0.99966 -3.09e-05 -0.0084138 -0.0001879 0.99996 -0.049859 0.061253 7.2947
145 0.9996 0.026574 0.0101 -0.026581 0.99965 0.0005613 -0.010081 -0.0008296 0.99995 -0.049512 0.061164 7.3371
146 0.99959 0.025717 0.012514 -0.025761 0.99966 0.0033673 -0.012423 -0.0036883 0.99992 -0.049247 0.060799 7.3787
147 0.99958 0.025084 0.014635 -0.02517 0.99967 0.0056855 -0.014487 -0.0060515 0.99988 -0.048751 0.060808 7.4203
148 0.99957 0.024326 0.016538 -0.024466 0.99967 0.0083365 -0.01633 -0.0087375 0.99983 -0.048038 0.060578 7.4612
149 0.99956 0.023269 0.018484 -0.023432 0.99969 0.0086973 -0.018276 -0.0091265 0.99979 -0.047384 0.060921 7.5011
150 0.99952 0.023293 0.020349 -0.023459 0.99969 0.0079424 -0.020158 -0.0084159 0.99976 -0.046699 0.061069 7.5395
151 0.99948 0.023105 0.022491 -0.023252 0.99971 0.0063214 -0.022339 -0.006841 0.99973 -0.046203 0.061457 7.5781
152 0.99944 0.023224 0.023931 -0.023354 0.99971 0.0051638 -0.023804 -0.0057198 0.9997 -0.045408 0.061348 7.6155
153 0.99939 0.023702 0.025491 -0.023822 0.99971 0.0044294 -0.025379 -0.005034 0.99967 -0.044711 0.06156 7.6517
154 0.99935 0.024067 0.026803 -0.024207 0.99969 0.0049468 -0.026676 -0.0055924 0.99963 -0.043807 0.061359 7.6879
155 0.99935 0.023162 0.027782 -0.02334 0.99971 0.0060834 -0.027633 -0.0067279 0.9996 -0.043033 0.061444 7.7233
156 0.99938 0.020722 0.028604 -0.020947 0.99975 0.0075927 -0.02844 -0.0081871 0.99956 -0.042071 0.061385 7.7575
157 0.99933 0.021465 0.029694 -0.021696 0.99974 0.0074727 -0.029526 -0.0081119 0.99953 -0.041375 0.061597 7.7916
158 0.9993 0.021586 0.030666 -0.021767 0.99975 0.0055862 -0.030538 -0.0062498 0.99951 -0.040536 0.061603 7.8238
159 0.99927 0.021846 0.031447 -0.021986 0.99975 0.0041112 -0.031349 -0.0047995 0.9995 -0.039989 0.061551 7.8557
160 0.99928 0.020108 0.032319 -0.0202 0.99979 0.002509 -0.032262 -0.0031601 0.99947 -0.038471 0.061747 7.886
161 0.99924 0.019875 0.033478 -0.020004 0.99979 0.003529 -0.033401 -0.004196 0.99943 -0.037786 0.061595 7.9168
162 0.99919 0.020373 0.034757 -0.020532 0.99978 0.0042353 -0.034663 -0.0049455 0.99939 -0.036609 0.061815 7.9454
163 0.99912 0.020918 0.036337 -0.021118 0.99976 0.0051403 -0.036221 -0.0059031 0.99933 -0.035613 0.061885 7.9747
164 0.99906 0.020807 0.037958 -0.021024 0.99976 0.0053279 -0.037838 -0.006121 0.99927 -0.034565 0.061909 8.0014
165 0.99896 0.021648 0.040236 -0.021834 0.99975 0.0041834 -0.040135 -0.0050575 0.99918 -0.033459 0.061776 8.0277
166 0.99886 0.021622 0.042564 -0.021728 0.99976 0.0020192 -0.04251 -0.0029417 0.99909 -0.032006 0.061937 8.055
167 0.99874 0.020477 0.045751 -0.020514 0.99979 0.0003347 -0.045735 -0.0012729 0.99895 -0.031287 0.061816 8.0797
168 0.99861 0.019815 0.048768 -0.019851 0.9998 0.0002529 -0.048754 -0.0012206 0.99881 -0.030013 0.061842 8.1049
169 0.99846 0.019437 0.051933 -0.019495 0.99981 0.0006072 -0.051911 -0.0016188 0.99865 -0.028727 0.061939 8.1291
170 0.99826 0.021128 0.055074 -0.021207 0.99977 0.000854 -0.055043 -0.0020205 0.99848 -0.027628 0.06208 8.1522
171 0.99806 0.021615 0.058313 -0.021709 0.99976 0.000988 -0.058278 -0.002252 0.9983 -0.026566 0.062097 8.1745
172 0.99794 0.020929 0.060713 -0.021112 0.99977 0.0023745 -0.06065 -0.0036514 0.99815 -0.024626 0.061961 8.1963
173 0.99776 0.021269 0.063384 -0.021473 0.99977 0.0025435 -0.063315 -0.0038989 0.99799 -0.023185 0.061918 8.2173
174 0.99759 0.019831 0.066496 -0.020058 0.9998 0.0027494 -0.066428 -0.0040766 0.99778 -0.021836 0.061727 8.2387
175 0.99746 0.019101 0.068682 -0.01941 0.9998 0.0038232 -0.068596 -0.0051465 0.99763 -0.020474 0.06196 8.2589
176 0.99733 0.021328 0.069873 -0.021632 0.99976 0.0035985 -0.06978 -0.0051003 0.99755 -0.019133 0.061738 8.2781
177 0.9972 0.023473 0.070946 -0.023683 0.99972 0.0021219 -0.070876 -0.0037961 0.99748 -0.018085 0.061618 8.2966
178 0.99716 0.024844 0.071077 -0.025018 0.99969 0.0015645 -0.071016 -0.0033382 0.99747 -0.017352 0.061543 8.315
179 0.99723 0.0255 0.069902 -0.025714 0.99967 0.0021545 -0.069823 -0.003946 0.99755 -0.01609 0.061678 8.3325
180 0.99739 0.025203 0.067633 -0.025418 0.99967 0.0023203 -0.067552 -0.0040334 0.99771 -0.015063 0.061882 8.3492
181 0.99754 0.026506 0.064867 -0.026686 0.99964 0.0019081 -0.064794 -0.0036345 0.99789 -0.014313 0.061844 8.3646
182 0.99773 0.028073 0.061195 -0.028229 0.9996 0.0016988 -0.061123 -0.0034225 0.99812 -0.013134 0.061964 8.3796
183 0.99794 0.030364 0.056441 -0.030622 0.99952 0.0037183 -0.056301 -0.0054389 0.9984 -0.012773 0.061889 8.3934
184 0.99818 0.03279 0.050659 -0.03311 0.99944 0.0054895 -0.05045 -0.0071568 0.9987 -0.012467 0.061906 8.4066
185 0.99845 0.034105 0.043919 -0.034423 0.99939 0.0064903 -0.04367 -0.007992 0.99901 -0.012376 0.061735 8.4188
186 0.99872 0.03584 0.035735 -0.036108 0.99932 0.0068883 -0.035464 -0.0081698 0.99934 -0.011988 0.061837 8.4307
187 0.99896 0.036706 0.027219 -0.036919 0.99929 0.0073569 -0.02693 -0.0083541 0.9996 -0.012486 0.061818 8.4411
188 0.99911 0.038268 0.017713 -0.038404 0.99923 0.0074063 -0.017416 -0.0080799 0.99982 -0.012828 0.06188 8.4507
189 0.99918 0.039659 0.0079463 -0.039721 0.99918 0.0078128 -0.00763 -0.0081221 0.99994 -0.013289 0.061924 8.4598
190 0.99916 0.040847 -0.0018859 -0.040831 0.99913 0.0080724 0.002214 -0.0079886 0.99997 -0.013478 0.062201 8.4689
191 0.99905 0.042152 -0.01127 -0.042055 0.99908 0.0087391 0.011628 -0.0082568 0.9999 -0.014062 0.062128 8.4761
192 0.99884 0.043708 -0.020422 -0.04352 0.99901 0.0095482 0.020819 -0.0086483 0.99975 -0.014856 0.062124 8.4832
193 0.9985 0.044916 -0.031223 -0.044655 0.99896 0.0090147 0.031596 -0.0076069 0.99947 -0.01546 0.062289 8.4892
194 0.99801 0.04656 -0.042516 -0.046279 0.9989 0.0075772 0.042822 -0.0055946 0.99907 -0.016454 0.0622 8.4952
195 0.9974 0.047067 -0.054549 -0.046747 0.99888 0.0071305 0.054824 -0.004562 0.99849 -0.017154 0.062358 8.5014
196 0.99657 0.047669 -0.067578 -0.047212 0.99885 0.0083412 0.067898 -0.0051221 0.99768 -0.018076 0.062275 8.5076
197 0.99557 0.04807 -0.080783 -0.047405 0.99882 0.010125 0.081175 -0.0062507 0.99668 -0.019029 0.062428 8.5137
198 0.99439 0.049145 -0.093688 -0.048263 0.99877 0.01165 0.094145 -0.007063 0.99553 -0.020263 0.062441 8.5202
199 0.99292 0.049806 -0.10787 -0.048713 0.99873 0.012751 0.10837 -0.0074059 0.99408 -0.021524 0.062719 8.5262
200 0.99118 0.050738 -0.12246 -0.049382 0.99868 0.014085 0.12301 -0.0079138 0.99237 -0.02267 0.062762 8.532
201 0.98925 0.050444 -0.13725 -0.048883 0.9987 0.014721 0.13781 -0.0078536 0.99043 -0.023996 0.062893 8.5385
202 0.98679 0.05044 -0.15397 -0.048821 0.99871 0.014276 0.15449 -0.0065704 0.98797 -0.0254 0.06314 8.5447
203 0.9838 0.049715 -0.17225 -0.048104 0.99875 0.013518 0.17271 -0.0050135 0.98496 -0.027313 0.06312 8.5511
204 0.98009 0.048968 -0.19244 -0.047492 0.9988 0.012279 0.19281 -0.0028949 0.98123 -0.029339 0.063327 8.5582
205 0.9755 0.048294 -0.21461 -0.046811 0.99883 0.011992 0.21494 -0.0016518 0.97663 -0.031749 0.063607 8.5669
206 0.96976 0.04792 -0.2393 -0.046156 0.99885 0.012976 0.23965 -0.0015385 0.97086 -0.034823 0.063949 8.5756
207 0.96278 0.0478 -0.26603 -0.045488 0.99885 0.014848 0.26643 -0.0021945 0.96385 -0.038137 0.064156 8.5849
208 0.95414 0.048497 -0.2954 -0.045692 0.99882 0.016393 0.29585 -0.0021438 0.95523 -0.042471 0.064567 8.5946
209 0.94401 0.048781 -0.3263 -0.045108 0.9988 0.01882 0.32683 -0.0030473 0.94508 -0.04758 0.064857 8.6052
210 0.93201 0.048128 -0.35922 -0.043478 0.99883 0.021015 0.35982 -0.0039679 0.93301 -0.05303 0.065396 8.6159
211 0.91809 0.046868 -0.39359 -0.040827 0.99888 0.023712 0.39426 -0.0057009 0.91898 -0.058798 0.065694 8.628
212 0.90213 0.045743 -0.42902 -0.038421 0.99893 0.025718 0.42974 -0.0067178 0.90293 -0.065864 0.066518 8.6397
213 0.88385 0.045312 -0.46558 -0.036578 0.99894 0.027782 0.46634 -0.0075254 0.88457 -0.073172 0.066839 8.6518
214 0.86318 0.045716 -0.50282 -0.035266 0.99892 0.03028 0.50366 -0.0084044 0.86386 -0.081717 0.067558 8.6636
215 0.84033 0.046867 -0.54005 -0.034295 0.99886 0.033319 0.54099 -0.0094779 0.84097 -0.091322 0.068257 8.6757
216 0.81502 0.047453 -0.57749 -0.032726 0.99882 0.035887 0.57851 -0.010349 0.81561 -0.10189 0.069076 8.6881
217 0.78821 0.049518 -0.61342 -0.032646 0.99872 0.038673 0.61455 -0.010457 0.78881 -0.11386 0.069897 8.7004
218 0.75914 0.051295 -0.6489 -0.032509 0.99863 0.040909 0.65011 -0.0099604 0.75978 -0.126 0.070793 8.7125
219 0.72913 0.051832 -0.68241 -0.031571 0.99861 0.042117 0.68365 -0.009164 0.72975 -0.1394 0.071966 8.7241
220 0.69842 0.051957 -0.7138 -0.02947 0.9986 0.043853 0.71508 -0.0095916 0.69897 -0.15349 0.073139 8.7357
221 0.66777 0.051936 -0.74255 -0.025742 0.99858 0.046693 0.74392 -0.012066 0.66816 -0.16873 0.074498 8.7482
222 0.63715 0.052736 -0.76893 -0.02145 0.99848 0.050706 0.77044 -0.015814 0.63732 -0.18548 0.07583 8.7602
223 0.60583 0.053693 -0.79378 -0.016897 0.99836 0.054635 0.79542 -0.019687 0.60574 -0.20317 0.076974 8.7726
224 0.57349 0.055254 -0.81735 -0.013925 0.99824 0.057712 0.8191 -0.021715 0.57324 -0.22195 0.078478 8.7846
225 0.5394 0.055388 -0.84023 -0.0080456 0.99813 0.060631 0.84201 -0.025944 0.53883 -0.24173 0.08014 8.7962
226 0.50308 0.057676 -0.86231 -0.0032064 0.99789 0.064874 0.86423 -0.029872 0.5022 -0.26294 0.081931 8.8074
227 0.46577 0.059109 -0.88293 0.0033553 0.99764 0.068558 0.8849 -0.034895 0.46447 -0.28504 0.083571 8.8181
228 0.42875 0.060066 -0.90142 0.0062365 0.99757 0.069438 0.9034 -0.035394 0.42733 -0.30813 0.085573 8.8277
229 0.39181 0.060078 -0.91808 0.0067973 0.99765 0.068185 0.92002 -0.032956 0.39048 -0.33236 0.087432 8.8368
230 0.35696 0.058878 -0.93226 0.0083768 0.99777 0.066223 0.93408 -0.031448 0.35567 -0.35731 0.089514 8.8452
231 0.3253 0.056204 -0.94394 0.012461 0.99789 0.063711 0.94553 -0.032488 0.32391 -0.38342 0.091417 8.8533
232 0.29655 0.051951 -0.9536 0.015697 0.99812 0.059258 0.95489 -0.032542 0.29518 -0.41057 0.093746 8.8609
233 0.26965 0.050379 -0.96164 0.017168 0.99822 0.057109 0.96281 -0.031909 0.2683 -0.43904 0.095771 8.868
234 0.24395 0.050173 -0.96849 0.015915 0.99832 0.055727 0.96966 -0.029008 0.24274 -0.46899 0.097749 8.8741
235 0.21825 0.049558 -0.97463 0.017185 0.99836 0.054613 0.97574 -0.028668 0.21704 -0.49965 0.099766 8.8799
236 0.19145 0.050607 -0.9802 0.018622 0.9983 0.055179 0.98133 -0.028818 0.19018 -0.53083 0.10196 8.8855
237 0.16586 0.052502 -0.98475 0.020724 0.99818 0.056709 0.98593 -0.029813 0.16447 -0.56303 0.10395 8.8904
238 0.14254 0.055101 -0.98825 0.01895 0.99811 0.058384 0.98961 -0.02705 0.14123 -0.59603 0.106 8.894
239 0.12193 0.05762 -0.99086 0.016734 0.99805 0.060098 0.9924 -0.023909 0.12073 -0.62989 0.10822 8.8972
240 0.10355 0.058974 -0.99287 0.015123 0.99803 0.060858 0.99451 -0.021316 0.10245 -0.66425 0.11053 8.9001
241 0.08835 0.059061 -0.99434 0.014403 0.99806 0.060562 0.99599 -0.019672 0.087328 -0.699 0.11289 8.9024
242 0.075986 0.058845 -0.99537 0.01422 0.99809 0.060091 0.99701 -0.018721 0.075005 -0.73521 0.11538 8.9046
243 0.066719 0.058329 -0.99607 0.014326 0.99813 0.05941 0.99767 -0.018233 0.065758 -0.77187 0.11792 8.9067
244 0.059398 0.058796 -0.9965 0.014321 0.99811 0.059744 0.99813 -0.01782 0.058444 -0.80923 0.12078 8.909
245 0.053985 0.060094 -0.99673 0.015023 0.99803 0.060985 0.99843 -0.018266 0.052976 -0.8476 0.12323 8.9106
246 0.049725 0.061034 -0.9969 0.015488 0.99796 0.061872 0.99864 -0.018516 0.048678 -0.886 0.12578 8.912
247 0.045886 0.063464 -0.99693 0.016229 0.9978 0.064267 0.99881 -0.019128 0.044755 -0.92413 0.1285 8.9135
248 0.042304 0.066395 -0.9969 0.017981 0.99758 0.067203 0.99894 -0.020768 0.041008 -0.96361 0.13098 8.9148
249 0.038783 0.067427 -0.99697 0.019119 0.99749 0.068205 0.99906 -0.021706 0.037397 -1.0052 0.13403 8.9161
250 0.036143 0.065513 -0.9972 0.01952 0.99761 0.066248 0.99916 -0.02186 0.034778 -1.0452 0.13715 8.9166
251 0.034401 0.06144 -0.99752 0.018922 0.99789 0.062116 0.99923 -0.021012 0.033166 -1.0856 0.13987 8.9179
252 0.033988 0.056855 -0.9978 0.018294 0.99818 0.0575 0.99925 -0.020208 0.032886 -1.1254 0.14274 8.919
253 0.034579 0.053615 -0.99796 0.018346 0.99836 0.054272 0.99923 -0.020185 0.033538 -1.166 0.14516 8.9198
254 0.035371 0.052795 -0.99798 0.016167 0.99844 0.053393 0.99924 -0.018023 0.034463 -1.2074 0.14754 8.9204
255 0.037146 0.053066 -0.9979 0.014835 0.99845 0.053647 0.9992 -0.016797 0.036301 -1.2493 0.15004 8.9214
256 0.038969 0.056605 -0.99764 0.013623 0.99827 0.057173 0.99915 -0.015819 0.03813 -1.2919 0.15263 8.9225
257 0.041495 0.06141 -0.99725 0.012063 0.99801 0.061958 0.99907 -0.014601 0.040672 -1.3345 0.15547 8.9237
258 0.043262 0.06401 -0.99701 0.010849 0.99786 0.064535 0.999 -0.013608 0.042474 -1.3769 0.15802 8.9254
259 0.04564 0.063588 -0.99693 0.010767 0.99788 0.064142 0.9989 -0.013662 0.044859 -1.4199 0.16101 8.927
260 0.047332 0.062427 -0.99693 0.011595 0.99794 0.063042 0.99881 -0.014543 0.046511 -1.4637 0.16391 8.9286
261 0.04986 0.061709 -0.99685 0.013481 0.99796 0.062452 0.99867 -0.016552 0.048926 -1.5074 0.16669 8.9303
262 0.051278 0.062384 -0.99673 0.01378 0.99791 0.063166 0.99859 -0.016974 0.050311 -1.5531 0.16982 8.9321
263 0.053634 0.06281 -0.99658 0.014172 0.99787 0.063654 0.99846 -0.017538 0.05263 -1.5975 0.17301 8.9339
264 0.055671 0.063119 -0.99645 0.014127 0.99785 0.063997 0.99835 -0.01764 0.05466 -1.642 0.17585 8.9359
265 0.058048 0.061517 -0.99642 0.01487 0.99794 0.062477 0.9982 -0.018444 0.057013 -1.6869 0.17897 8.9383
266 0.059583 0.060093 -0.99641 0.014348 0.99803 0.061049 0.99812 -0.017934 0.058603 -1.7321 0.18204 8.941
267 0.061514 0.059958 -0.9963 0.013766 0.99805 0.060913 0.99801 -0.017463 0.060568 -1.7781 0.18532 8.9435
268 0.062872 0.061417 -0.99613 0.013631 0.99796 0.06239 0.99793 -0.017501 0.061906 -1.8237 0.18854 8.9467
269 0.064016 0.062983 -0.99596 0.012952 0.99787 0.063936 0.99786 -0.016993 0.063063 -1.8698 0.19158 8.9497
270 0.065942 0.063741 -0.99579 0.011407 0.99784 0.064629 0.99776 -0.015621 0.065073 -1.9167 0.19477 8.9522
271 0.067041 0.063118 -0.99575 0.010283 0.9979 0.063946 0.9977 -0.014526 0.066251 -1.962 0.1975 8.9552
272 0.068688 0.062782 -0.99566 0.0089328 0.99794 0.063542 0.9976 -0.013259 0.067985 -2.0095 0.20106 8.9579
273 0.070486 0.064229 -0.99544 0.0072893 0.99787 0.064902 0.99749 -0.011831 0.069867 -2.0571 0.20435 8.9608
274 0.072374 0.067372 -0.9951 0.0044654 0.99768 0.067872 0.99737 -0.0093556 0.071905 -2.1071 0.20783 8.9642
275 0.074672 0.069367 -0.99479 0.002595 0.99756 0.069755 0.9972 -0.0077902 0.07431 -2.1563 0.21118 8.9678
276 0.077733 0.069788 -0.99453 0.0042878 0.99751 0.070333 0.99696 -0.0097315 0.077241 -2.2041 0.21441 8.9716
277 0.080726 0.069434 -0.99431 0.0050915 0.99753 0.070072 0.99672 -0.010719 0.080173 -2.2537 0.21825 8.9754
278 0.084091 0.069921 -0.994 0.0060081 0.99748 0.070674 0.99644 -0.011915 0.083459 -2.3023 0.22182 8.9794
279 0.086512 0.068484 -0.99389 0.0071006 0.99757 0.069355 0.99623 -0.013057 0.085815 -2.3508 0.22527 8.9834
280 0.089235 0.065744 -0.99384 0.0058962 0.99777 0.066534 0.99599 -0.011797 0.088648 -2.3995 0.22882 8.9876
281 0.092331 0.060749 -0.99387 0.0019271 0.99812 0.061188 0.99573 -0.0075648 0.092041 -2.4476 0.23228 8.9912
282 0.0949 0.057311 -0.99384 -0.0019378 0.99835 0.057386 0.99549 -0.0035201 0.094854 -2.4951 0.23519 8.9959
283 0.099285 0.059004 -0.99331 -0.0002594 0.99824 0.059271 0.99506 -0.0056271 0.099126 -2.5443 0.23849 8.9996
284 0.10243 0.066167 -0.99254 -0.0001289 0.99779 0.066504 0.99474 -0.0066841 0.10221 -2.5928 0.24163 9.0044
285 0.10556 0.073813 -0.99167 0.0047315 0.99719 0.074728 0.9944 -0.01258 0.10492 -2.6436 0.2455 9.0096
286 0.10771 0.076498 -0.99124 0.0080676 0.99694 0.077814 0.99415 -0.016378 0.10676 -2.6927 0.24924 9.015
287 0.11098 0.074081 -0.99106 0.011423 0.99706 0.075809 0.99376 -0.019734 0.10981 -2.7404 0.25277 9.0199
288 0.11389 0.070644 -0.99098 0.011462 0.99731 0.072412 0.99343 -0.019606 0.11278 -2.7893 0.25662 9.0252
289 0.11636 0.068896 -0.99081 0.0076958 0.9975 0.070265 0.99318 -0.015801 0.11554 -2.8392 0.2603 9.0306
290 0.11869 0.065592 -0.99076 0.0082804 0.99772 0.067045 0.9929 -0.016162 0.11788 -2.8883 0.26385 9.0364
291 0.12073 0.060501 -0.99084 0.0075453 0.99806 0.061861 0.99266 -0.014944 0.12004 -2.9363 0.26722 9.0418
292 0.12351 0.055291 -0.9908 0.0068779 0.99837 0.056571 0.99232 -0.013801 0.12293 -2.9849 0.2704 9.0474
293 0.1255 0.053554 -0.99065 0.005865 0.99848 0.054721 0.99208 -0.012678 0.125 -3.0335 0.27348 9.0534
294 0.12859 0.055447 -0.99015 0.0047938 0.99839 0.056531 0.99169 -0.012016 0.12812 -3.0827 0.27676 9.0591
295 0.13114 0.058148 -0.98966 0.0031544 0.99825 0.059071 0.99136 -0.010868 0.13073 -3.1324 0.27963 9.0651
296 0.13347 0.059314 -0.98928 0.0050319 0.99815 0.060526 0.99104 -0.013056 0.13292 -3.1811 0.28276 9.0727
297 0.13591 0.059923 -0.98891 0.0053092 0.99811 0.06121 0.99071 -0.013569 0.13533 -3.2305 0.28576 9.079
298 0.13879 0.06098 -0.98844 0.0072635 0.99801 0.06259 0.9903 -0.015866 0.13807 -3.2806 0.28904 9.0858
299 0.1409 0.062161 -0.98807 0.0072208 0.99794 0.063812 0.99 -0.016126 0.14016 -3.3303 0.29247 9.0929
300 0.14376 0.063301 -0.98759 0.0073296 0.99786 0.065027 0.98959 -0.016587 0.14298 -3.3797 0.29576 9.1003
301 0.1461 0.063733 -0.98721 0.0052472 0.99786 0.065197 0.98926 -0.014706 0.14546 -3.4301 0.29918 9.1076
302 0.14858 0.063446 -0.98686 0.0047584 0.99788 0.06487 0.98889 -0.014334 0.14796 -3.4801 0.30321 9.1147
303 0.15154 0.063706 -0.9864 0.0026646 0.99789 0.064858 0.98845 -0.012457 0.15105 -3.5307 0.30674 9.1216
304 0.15391 0.063959 -0.98601 0.001706 0.99788 0.064995 0.98808 -0.011686 0.15347 -3.5794 0.30974 9.1293
305 0.15594 0.063006 -0.98576 0.0013372 0.99795 0.063997 0.98777 -0.011298 0.15553 -3.631 0.31368 9.1377
306 0.15925 0.062558 -0.98525 0.0009731 0.99798 0.063523 0.98724 -0.011075 0.15887 -3.682 0.31688 9.1446
307 0.1615 0.062179 -0.98491 0.0018337 0.99799 0.063306 0.98687 -0.01203 0.16106 -3.7325 0.32033 9.153
308 0.16415 0.062645 -0.98444 0.0023695 0.99795 0.0639 0.98643 -0.012821 0.16366 -3.783 0.3236 9.1608
309 0.16568 0.06267 -0.98419 0.0049032 0.99791 0.064369 0.98617 -0.01549 0.16503 -3.8325 0.32704 9.1697
310 0.16795 0.063023 -0.98378 0.0064662 0.99786 0.06503 0.98577 -0.017283 0.16719 -3.8817 0.33011 9.178
311 0.16995 0.064444 -0.98334 0.0073553 0.99775 0.066659 0.98543 -0.018561 0.16909 -3.9312 0.33333 9.1869
312 0.17194 0.064771 -0.98298 0.0071341 0.99773 0.066991 0.98508 -0.018531 0.17109 -3.9805 0.33703 9.1949
313 0.17382 0.064298 -0.98268 0.0075992 0.99775 0.066628 0.98475 -0.019049 0.17294 -4.0299 0.34049 9.2036
314 0.17618 0.063398 -0.98231 0.0068101 0.99782 0.065621 0.98433 -0.018251 0.17537 -4.0796 0.3436 9.2119
315 0.17839 0.063084 -0.98194 0.0039199 0.99789 0.064821 0.98395 -0.015412 0.17776 -4.1287 0.34678 9.22
316 0.18071 0.062531 -0.98155 0.0023224 0.99795 0.064003 0.98353 -0.013845 0.18019 -4.1776 0.35034 9.2281
317 0.18258 0.062165 -0.98122 0.0004436 0.99799 0.06331 0.98319 -0.011994 0.18219 -4.2256 0.35318 9.2371
318 0.18423 0.061897 -0.98093 0.0001559 0.99801 0.063004 0.98288 -0.01176 0.18385 -4.2742 0.3567 9.2464
319 0.18612 0.063974 -0.98044 -0.0008544 0.99789 0.06495 0.98253 -0.011251 0.18578 -4.3217 0.35966 9.2554
320 0.18874 0.064709 -0.97989 0.0017774 0.9978 0.066234 0.98203 -0.014243 0.18821 -4.369 0.36292 9.2637
321 0.19059 0.06516 -0.97951 0.0026665 0.99776 0.066893 0.98167 -0.015361 0.18999 -4.4163 0.36619 9.2728
322 0.19283 0.064501 -0.97911 0.0041642 0.99777 0.066551 0.98122 -0.01691 0.19213 -4.4625 0.36922 9.2819
323 0.19447 0.064555 -0.97878 0.0042122 0.99777 0.066644 0.9809 -0.017083 0.19376 -4.5112 0.37279 9.2912
324 0.19658 0.06465 -0.97835 0.0035501 0.99777 0.066646 0.98048 -0.016574 0.19591 -4.5584 0.37584 9.3003
325 0.19868 0.065704 -0.97786 0.0017969 0.99772 0.067404 0.98006 -0.015149 0.19811 -4.6052 0.37905 9.3091
326 0.20071 0.066451 -0.97739 0.0004866 0.99769 0.067931 0.97965 -0.01411 0.20022 -4.6516 0.38252 9.3183
327 0.20279 0.066918 -0.97693 -0.0014021 0.99768 0.068048 0.97922 -0.01243 0.20242 -4.6971 0.38589 9.3275
328 0.20547 0.067711 -0.97632 -0.0015208 0.99762 0.068868 0.97866 -0.012665 0.20508 -4.7435 0.38917 9.3369
329 0.20792 0.06928 -0.97569 -0.0025483 0.99752 0.070287 0.97814 -0.012128 0.20758 -4.7892 0.39218 9.3463
330 0.21037 0.070066 -0.97511 -0.0007253 0.99744 0.071514 0.97762 -0.014337 0.20988 -4.8357 0.39556 9.3564
331 0.21326 0.070391 -0.97446 0.0001858 0.9974 0.072088 0.977 -0.015555 0.21269 -4.8807 0.39865 9.3656
332 0.21545 0.069049 -0.97407 0.0021963 0.99746 0.071193 0.97651 -0.017478 0.21475 -4.926 0.40194 9.3757
333 0.21879 0.067378 -0.97344 0.0036672 0.99755 0.069871 0.97576 -0.018857 0.21801 -4.9708 0.40536 9.3858
334 0.22235 0.065796 -0.97274 0.0020385 0.99769 0.06795 0.97496 -0.017092 0.2217 -5.0154 0.40853 9.3957
335 0.22726 0.065616 -0.97162 0.0034785 0.99767 0.068189 0.97383 -0.018876 0.2265 -5.0595 0.41168 9.4059
336 0.2324 0.064251 -0.9705 0.004203 0.99774 0.067061 0.97261 -0.019664 0.2316 -5.1047 0.41527 9.4169
337 0.2375 0.064042 -0.96927 0.0042506 0.99775 0.066965 0.97138 -0.020024 0.23669 -5.1485 0.41772 9.4276
338 0.24249 0.061404 -0.96821 0.0046529 0.99791 0.064453 0.97014 -0.020134 0.24169 -5.1926 0.42093 9.4382
339 0.24745 0.061198 -0.96697 0.004121 0.99793 0.064212 0.96889 -0.019874 0.24668 -5.2351 0.42384 9.449
340 0.25274 0.062333 -0.96552 0.0051647 0.99782 0.06577 0.96752 -0.02161 0.25187 -5.2786 0.42689 9.46
341 0.25749 0.064557 -0.96412 0.005056 0.99766 0.068154 0.96627 -0.022424 0.25657 -5.321 0.4295 9.4709
342 0.26176 0.065095 -0.96293 0.0059547 0.9976 0.069057 0.96511 -0.023811 0.26075 -5.3626 0.43293 9.482
343 0.26602 0.064622 -0.9618 0.006294 0.99761 0.068769 0.96395 -0.024347 0.26498 -5.4045 0.43585 9.4929
344 0.26971 0.062036 -0.96094 0.0087861 0.99772 0.066877 0.9629 -0.02648 0.26855 -5.4455 0.43851 9.5042
345 0.27252 0.059605 -0.9603 0.0090662 0.99788 0.06451 0.96211 -0.026286 0.2714 -5.4854 0.44155 9.5152
346 0.27462 0.057371 -0.95984 0.0082478 0.99804 0.062014 0.96152 -0.024947 0.27361 -5.5251 0.44426 9.5271
347 0.27676 0.056807 -0.95926 0.0075334 0.99809 0.06128 0.96091 -0.024186 0.2758 -5.565 0.44707 9.5377
348 0.27815 0.058041 -0.95878 0.0053592 0.99806 0.061973 0.96052 -0.022376 0.2773 -5.6051 0.44994 9.5488
349 0.27999 0.060071 -0.95812 0.0042084 0.99795 0.063798 0.95999 -0.021895 0.27916 -5.6435 0.45203 9.5599
350 0.28135 0.061179 -0.95765 0.003114 0.9979 0.064665 0.9596 -0.021176 0.28057 -5.6817 0.45466 9.5704
351 0.28254 0.061778 -0.95726 0.0037954 0.99784 0.065517 0.95925 -0.022144 0.28169 -5.7205 0.45654 9.5828
352 0.28315 0.061525 -0.9571 0.0051738 0.99783 0.065674 0.95906 -0.023547 0.28221 -5.7571 0.45899 9.5934
353 0.28302 0.061592 -0.95713 0.0060514 0.9978 0.065999 0.9591 -0.024471 0.28202 -5.7935 0.46094 9.6037
354 0.2817 0.061656 -0.95752 0.0078986 0.99775 0.06657 0.95947 -0.026316 0.28058 -5.8298 0.46354 9.6148
355 0.28075 0.060925 -0.95784 0.0090568 0.99777 0.066119 0.95974 -0.027238 0.27958 -5.8637 0.46558 9.6244
356 0.27964 0.060667 -0.95819 0.0085934 0.9978 0.065684 0.96007 -0.026602 0.27851 -5.8986 0.46772 9.6346
357 0.27827 0.0605 -0.9586 0.0077555 0.99784 0.065228 0.96047 -0.025585 0.2772 -5.9326 0.47003 9.6444
358 0.27714 0.060014 -0.95895 0.0073524 0.99789 0.064575 0.9608 -0.024947 0.27611 -5.9669 0.47228 9.6539
359 0.27622 0.059702 -0.95924 0.0069475 0.99792 0.06411 0.96107 -0.024373 0.27523 -6 0.47438 9.6623
360 0.27419 0.059411 -0.95984 0.0074644 0.99793 0.0639 0.96165 -0.024685 0.27318 -6.0317 0.47599 9.6718
361 0.27213 0.057577 -0.96054 0.0082521 0.99803 0.062162 0.96223 -0.024842 0.27112 -6.0629 0.47858 9.6803
362 0.26863 0.055686 -0.96163 0.0094008 0.99813 0.060426 0.9632 -0.025272 0.2676 -6.0941 0.48062 9.6888
363 0.26452 0.056089 -0.96275 0.011589 0.99805 0.06133 0.96431 -0.027381 0.26336 -6.1237 0.48201 9.6971
364 0.26092 0.057471 -0.96365 0.011574 0.99797 0.062651 0.96529 -0.0275 0.25973 -6.153 0.48418 9.7048
365 0.25708 0.058812 -0.9646 0.010402 0.99792 0.063616 0.96634 -0.026388 0.25593 -6.183 0.48646 9.713
366 0.25413 0.060995 -0.96524 0.011865 0.99774 0.066172 0.9671 -0.028269 0.25283 -6.2105 0.48787 9.72
