1 0 0 0 0 0 0 0 0 0 0 0 0
2 0 0 0 0 0 0 0 0 0 -0.00012504 -3.6495e-05 0.0030244
3 0 0 0 0 0 0 0 0 0 -0.00025009 -7.299e-05 0.0060488
4 0 0 0 0 0 0 0 0 0 -0.00037513 -0.00010949 0.0090732
5 0 0 0 0 0 0 0 0 0 -0.00050017 -0.00014598 0.012098
6 0 0 0 0 0 0 0 0 0 -0.00062521 -0.00018248 0.015122
7 0 0 0 0 0 0 0 0 0 -0.00075026 -0.00021897 0.018146
8 0 0 0 0 0 0 0 0 0 -0.0008753 -0.00025547 0.021171
9 0 0 0 0 0 0 0 0 0 -0.0010003 -0.00029196 0.024195
10 0 0 0 0 0 0 0 0 0 -0.0011254 -0.00032846 0.027219
11 0 0 0 0 0 0 0 0 0 -0.0012504 -0.00036495 0.030244
12 0 0 0 0 0 0 0 0 0 -0.0013755 -0.00040145 0.033268
13 0 0 0 0 0 0 0 0 0 -0.0015005 -0.00043794 0.036293
14 0 0 0 0 0 0 0 0 0 -0.0016256 -0.00047444 0.039317
15 0 0 0 0 0 0 0 0 0 -0.0017506 -0.00051093 0.042341
16 0 0 0 0 0 0 0 0 0 -0.0018756 -0.00054743 0.045366
17 0 0 0 0 0 0 0 0 0 -0.0020007 -0.00058392 0.04839
18 0 0 0 0 0 0 0 0 0 -0.0021257 -0.00062042 0.051415
19 0 0 0 0 0 0 0 0 0 -0.0022508 -0.00065691 0.054439
20 0 0 0 0 0 0 0 0 0 -0.0023758 -0.00069341 0.057463
21 0 0 0 0 0 0 0 0 0 -0.0025009 -0.0007299 0.060488
22 0.99873 0.0046632 -0.050214 -0.0046587 0.99999 0.0002065 0.050214 2.77e-05 0.99874 -0.0026259 -0.0007664 0.063512
23 0.99843 0.0059254 -0.055696 -0.0058591 0.99998 0.0013538 0.055703 -0.0010254 0.99845 -0.0034325 -0.0007736 0.069643
24 0.99808 0.0071703 -0.061593 -0.0071242 0.99997 0.0009679 0.061599 -0.0005272 0.9981 -0.0040135 -0.0006861 0.075662
25 0.99769 0.0059248 -0.067708 -0.0059205 0.99998 0.0002648 0.067709 0.0001366 0.99771 -0.0046942 -0.0009846 0.082142
26 0.99725 0.0041214 -0.074042 -0.0041355 0.99999 -3.71e-05 0.074042 0.0003432 0.99726 -0.0050895 -0.0010038 0.088655
27 0.99687 0.0036875 -0.079016 -0.0036403 0.99999 0.000742 0.079018 -0.0004521 0.99687 -0.0057259 -0.0010041 0.095591
28 0.99651 0.0052736 -0.08326 -0.0051583 0.99999 0.0015999 0.083267 -0.0011648 0.99653 -0.0066719 -0.0010065 0.10278
29 0.9963 0.0057542 -0.085779 -0.0056927 0.99998 0.0009608 0.085783 -0.0004689 0.99631 -0.0073086 -0.0010759 0.11013
30 0.9963 0.0061853 -0.085715 -0.0062695 0.99998 -0.0007134 0.085709 0.0012482 0.99632 -0.0080408 -0.0010874 0.11748
31 0.99653 0.0050749 -0.083046 -0.0053976 0.99998 -0.0036621 0.083026 0.0040977 0.99654 -0.0085065 -0.0013436 0.12496
32 0.99696 0.0062123 -0.077727 -0.0066503 0.99996 -0.0053771 0.077691 0.0058777 0.99696 -0.0090497 -0.0015041 0.13288
33 0.99754 0.0067609 -0.069827 -0.0071591 0.99996 -0.0054535 0.069788 0.00594 0.99754 -0.0094876 -0.0014399 0.14083
34 0.99817 0.0072702 -0.060094 -0.007545 0.99996 -0.0043478 0.06006 0.0047933 0.99818 -0.0098425 -0.0015024 0.14877
35 0.99878 0.0065939 -0.048896 -0.0067319 0.99997 -0.0026564 0.048877 0.0029823 0.9988 -0.010003 -0.0016992 0.15729
36 0.99934 0.0061127 -0.035722 -0.006218 0.99998 -0.002837 0.035704 0.0030573 0.99936 -0.010195 -0.0017968 0.16573
37 0.99978 0.004708 -0.020354 -0.0048058 0.99998 -0.0047582 0.020331 0.004855 0.99978 -0.0099561 -0.0018927 0.17466
38 0.99999 0.0021396 -0.0036303 -0.0021582 0.99998 -0.0051401 0.0036192 0.0051478 0.99998 -0.0094845 -0.00208 0.18425
39 0.99989 0.0012854 0.01467 -0.0012313 0.99999 -0.0036992 -0.014675 0.0036807 0.99989 -0.0090586 -0.0021127 0.19349
40 0.99939 0.0023107 0.034719 -0.0022896 1 -0.0006476 -0.034721 0.0005677 0.9994 -0.0085711 -0.0024685 0.20286
41 0.99839 0.006642 0.05629 -0.0066601 0.99998 0.0001324 -0.056288 -0.0005071 0.99841 -0.0079642 -0.002488 0.2128
42 0.99686 0.0065262 0.078917 -0.0063638 0.99998 -0.0023084 -0.07893 0.0017989 0.99688 -0.0067328 -0.0024837 0.22257
43 0.9945 0.005834 0.10459 -0.005296 0.99997 -0.005421 -0.10462 0.0048372 0.9945 -0.0051642 -0.0025095 0.23257
44 0.99094 0.004728 0.13424 -0.0037214 0.99996 -0.0077489 -0.13427 0.0071792 0.99092 -0.0030827 -0.0027702 0.2426
45 0.98599 0.0065312 0.16665 -0.0050155 0.99994 -0.0095143 -0.1667 0.0085452 0.98597 -0.0009067 -0.0030696 0.25298
46 0.97934 0.0077561 0.20208 -0.0054465 0.99991 -0.011983 -0.20215 0.010634 0.9793 0.0017494 -0.0033269 0.26329
47 0.97046 0.0067735 0.24119 -0.0033499 0.99989 -0.014602 -0.24126 0.013363 0.97037 0.0050138 -0.0034067 0.27365
48 0.9594 0.0063981 0.28198 -0.0016498 0.99985 -0.017073 -0.28205 0.015915 0.95927 0.0090006 -0.0036566 0.28384
49 0.94554 0.0051651 0.32548 0.0007037 0.99984 -0.017911 -0.32552 0.017165 0.94538 0.013297 -0.0039118 0.2939
50 0.92867 0.0036569 0.37088 0.0024929 0.99987 -0.016101 -0.37089 0.015877 0.92854 0.018109 -0.0041512 0.30381
51 0.90909 0.0009897 0.4166 0.0050816 0.9999 -0.013464 -0.41657 0.014357 0.90899 0.023339 -0.0043932 0.31323
52 0.88725 -0.0021653 0.46129 0.0080408 0.99991 -0.010772 -0.46122 0.013267 0.88719 0.029186 -0.0046838 0.32267
53 0.86292 -0.0039327 0.50532 0.0096797 0.99991 -0.0087478 -0.50524 0.01244 0.86289 0.035493 -0.00486 0.33177
54 0.83631 -0.0052092 0.54824 0.010792 0.99992 -0.0069609 -0.54816 0.011738 0.83629 0.042314 -0.0050725 0.34085
55 0.80736 -0.0086745 0.59 0.015498 0.99986 -0.0065075 -0.58986 0.014398 0.80738 0.049797 -0.0054462 0.34941
56 0.7763 -0.0084581 0.6303 0.016554 0.99984 -0.0069718 -0.63014 0.015846 0.77632 0.057523 -0.0055651 0.35762
57 0.74301 -0.0067377 0.66925 0.0163 0.99983 -0.0080311 -0.66908 0.016876 0.743 0.066008 -0.0057343 0.36563
58 0.70723 -0.0034843 0.70698 0.014346 0.99985 -0.0094237 -0.70684 0.016807 0.70717 0.074848 -0.0058138 0.37369
59 0.66888 0.0006796 0.74337 0.011826 0.99986 -0.011555 -0.74328 0.01652 0.66878 0.084466 -0.0060705 0.38111
60 0.62746 0.0034332 0.77864 0.010983 0.99985 -0.013259 -0.77857 0.016872 0.62733 0.094926 -0.0062046 0.38822
61 0.5847 0.0041518 0.81124 0.010533 0.99986 -0.012709 -0.81118 0.015976 0.58458 0.10644 -0.0063539 0.39506
62 0.53944 -0.0003532 0.84202 0.015888 0.99983 -0.0097596 -0.84187 0.018643 0.53935 0.11845 -0.006419 0.40144
63 0.49202 -0.0023179 0.87058 0.018136 0.99981 -0.0075878 -0.87039 0.019522 0.49197 0.13085 -0.0067236 0.40744
64 0.44338 -0.000772 0.89633 0.016255 0.99984 -0.0071797 -0.89619 0.017753 0.44332 0.14358 -0.0068072 0.41281
65 0.3944 0.0001443 0.91894 0.0143 0.99988 -0.0062945 -0.91883 0.015624 0.39435 0.15715 -0.0069636 0.41782
66 0.34559 0.0007932 0.93839 0.012886 0.9999 -0.0055909 -0.9383 0.014024 0.34554 0.17132 -0.0070219 0.42229
67 0.29757 -0.0017091 0.9547 0.016581 0.99986 -0.0033783 -0.95455 0.016835 0.29756 0.1861 -0.0071139 0.4257
68 0.253 -0.0054924 0.96745 0.022732 0.99974 -0.0002691 -0.9672 0.022061 0.25306 0.20095 -0.0071974 0.42884
69 0.21319 -0.0085685 0.97697 0.025688 0.99967 0.0031619 -0.97667 0.024423 0.21334 0.21638 -0.0069947 0.4317
70 0.17777 -0.011258 0.98401 0.025118 0.99966 0.0068994 -0.98375 0.02349 0.178 0.23237 -0.0070749 0.43396
71 0.14812 -0.012676 0.98889 0.02326 0.99969 0.0093304 -0.9887 0.02162 0.14837 0.24863 -0.0071166 0.43625
72 0.12353 -0.012936 0.99226 0.03113 0.99947 0.0091549 -0.99185 0.029758 0.12386 0.26551 -0.0070747 0.43752
73 0.10183 -0.0098099 0.99475 0.035563 0.99935 0.0062146 -0.99417 0.034744 0.10211 0.28264 -0.006998 0.43862
74 0.082133 -0.0058877 0.9966 0.038542 0.99925 0.002727 -0.99588 0.038187 0.082299 0.30007 -0.0068384 0.43995
75 0.067347 -0.0046266 0.99772 0.036453 0.99933 0.0021735 -0.99706 0.036224 0.067471 0.31915 -0.0069336 0.44129
76 0.054287 -0.0058021 0.99851 0.035502 0.99936 0.0038769 -0.99789 0.035239 0.054458 0.33769 -0.0069759 0.44233
77 0.042198 -0.0051153 0.9991 0.034748 0.99939 0.0036492 -0.9985 0.034563 0.04235 0.35672 -0.0070225 0.44305
78 0.030778 -0.005233 0.99951 0.036862 0.99931 0.0040968 -0.99885 0.036718 0.03095 0.376 -0.0072047 0.44352
79 0.019905 -0.0038175 0.99979 0.03723 0.9993 0.0030744 -0.99911 0.037161 0.020034 0.39582 -0.0071239 0.44432
80 0.012679 -0.0042677 0.99991 0.03782 0.99928 0.0037854 -0.9992 0.037769 0.012832 0.41548 -0.0071784 0.44467
81 0.0066124 -0.005989 0.99996 0.039818 0.99919 0.0057211 -0.99918 0.039779 0.0068455 0.43634 -0.0072581 0.44511
82 0.0018717 -0.0074535 0.99997 0.040367 0.99916 0.0073719 -0.99918 0.040352 0.002171 0.45654 -0.0071228 0.44486
83 -0.0028444 -0.0076914 0.99997 0.03988 0.99917 0.0077987 -0.9992 0.0399 -0.0025353 0.4775 -0.0071493 0.44465
84 -0.0074176 -0.0076189 0.99994 0.039111 0.9992 0.0079034 -0.99921 0.039167 -0.0071137 0.49818 -0.0071238 0.44463
85 -0.010733 -0.0081599 0.99991 0.040513 0.99914 0.0085885 -0.99912 0.040602 -0.010394 0.51939 -0.0071079 0.44449
86 -0.012682 -0.0092692 0.99988 0.043038 0.99903 0.0098072 -0.99899 0.043157 -0.012271 0.54464 -0.0071775 0.44508
87 -0.013153 -0.0088372 0.99987 0.044391 0.99897 0.0094131 -0.99893 0.044509 -0.012747 0.56685 -0.0072735 0.44449
88 -0.014269 -0.0077684 0.99987 0.045141 0.99895 0.0084054 -0.99888 0.045255 -0.013903 0.58943 -0.007324 0.44465
89 -0.013509 -0.0065679 0.99989 0.046518 0.99889 0.0071898 -0.99883 0.046609 -0.013189 0.6129 -0.0070544 0.44382
90 -0.013506 -0.0065613 0.99989 0.048089 0.99882 0.0072039 -0.99875 0.048181 -0.013175 0.63588 -0.0069475 0.44317
91 -0.01413 -0.0064222 0.99988 0.049171 0.99877 0.0071099 -0.99869 0.049265 -0.013796 0.65936 -0.0071321 0.44299
92 -0.014108 -0.0063139 0.99988 0.050265 0.99871 0.0070157 -0.99864 0.050358 -0.013773 0.68363 -0.0070643 0.44258
93 -0.014574 -0.0058152 0.99988 0.050179 0.99872 0.0065399 -0.99863 0.050268 -0.014264 0.70757 -0.007159 0.44237
94 -0.015106 -0.0056783 0.99987 0.050184 0.99872 0.0064299 -0.99863 0.050274 -0.014802 0.73247 -0.0070397 0.44195
95 -0.015017 -0.0060166 0.99987 0.050941 0.99868 0.0067745 -0.99859 0.051036 -0.014691 0.75757 -0.0067764 0.4413
96 -0.015773 -0.0064875 0.99985 0.049901 0.99873 0.0072673 -0.99863 0.050008 -0.015429 0.78292 -0.006851 0.44111
97 -0.017039 -0.0055151 0.99984 0.048368 0.99881 0.0063337 -0.99868 0.048468 -0.016751 0.80719 -0.0069841 0.44106
98 -0.017379 -0.0041059 0.99984 0.047172 0.99887 0.0049219 -0.99874 0.04725 -0.017166 0.83377 -0.0065468 0.44061
99 -0.017933 -0.0049272 0.99983 0.047503 0.99885 0.0057744 -0.99871 0.047598 -0.017678 0.85855 -0.0068949 0.44002
100 -0.019471 -0.0053021 0.9998 0.046564 0.9989 0.0062042 -0.99873 0.046675 -0.019203 0.88444 -0.0069228 0.43999
101 -0.020028 -0.0057777 0.99978 0.045036 0.99896 0.0066751 -0.99878 0.04516 -0.019747 0.91162 -0.0067934 0.43959
102 -0.020924 -0.0075373 0.99975 0.045392 0.99893 0.0084811 -0.99875 0.045558 -0.02056 0.93782 -0.0068419 0.43888
103 -0.021315 -0.0086694 0.99974 0.045545 0.99892 0.0096334 -0.99873 0.045738 -0.020897 0.96402 -0.0069826 0.43859
104 -0.022203 -0.0083946 0.99972 0.046453 0.99888 0.0094192 -0.99867 0.046649 -0.021788 0.99166 -0.007035 0.43771
105 -0.023221 -0.0065714 0.99971 0.044508 0.99898 0.0076004 -0.99874 0.044672 -0.022905 1.0282 -0.0071404 0.43768
106 -0.024972 -0.0047452 0.99968 0.04401 0.99901 0.0058415 -0.99872 0.044142 -0.024739 1.0551 -0.0071695 0.43801
