1 1 0 0 0 1 0 0 0 1 0 0 0
2 1 0 0 0 1 0 0 0 1 -0.0011088 0.00063095 0.017742
3 0.99964 -0.000865 -0.026836 0.0012237 0.99991 0.013351 0.026822 -0.013379 0.99955 -0.0022177 0.0012619 0.035484
4 0.99921 0.0021058 -0.039609 -0.0013221 0.9998 0.019803 0.039643 -0.019735 0.99902 -0.0040575 0.0026563 0.052582
5 0.99861 0.0015259 -0.052742 -0.0005116 0.99981 0.01924 0.052762 -0.019186 0.99842 -0.0057526 0.0037143 0.068948
6 0.9979 0.002057 -0.064682 -0.0010485 0.99988 0.015622 0.064706 -0.015522 0.99778 -0.0082478 0.0045951 0.085664
7 0.99724 -0.0001992 -0.07424 0.0012294 0.9999 0.013831 0.07423 -0.013884 0.99714 -0.011757 0.0053581 0.10358
8 0.99639 0.0004896 -0.084945 0.0003521 0.99995 0.0098935 0.084946 -0.0098877 0.99634 -0.015225 0.0062223 0.11959
9 0.99554 0.0026068 -0.094257 -0.0020004 0.99998 0.0065273 0.094271 -0.0063097 0.99553 -0.019595 0.0067003 0.13524
10 0.99449 0.0073476 -0.10461 -0.006903 0.99997 0.0046119 0.10464 -0.0038643 0.9945 -0.023533 0.0077565 0.14999
11 0.9934 0.0067332 -0.11449 -0.006823 0.99998 -0.000392 0.11449 0.0011706 0.99342 -0.027608 0.0083724 0.16442
12 0.99216 0.004795 -0.12488 -0.0050251 0.99999 -0.0015275 0.12487 0.0021431 0.99217 -0.031616 0.0092157 0.17882
13 0.99104 0.0029859 -0.13353 -0.0025846 0.99999 0.0031789 0.13354 -0.0028053 0.99104 -0.036498 0.0095617 0.19393
14 0.98966 0.003531 -0.14339 -0.0027108 0.99998 0.0059148 0.14341 -0.005465 0.98965 -0.040852 0.010086 0.20836
15 0.98819 0.0024588 -0.15322 -0.0017139 0.99999 0.0049936 0.15323 -0.0046721 0.98818 -0.045908 0.010405 0.222
16 0.9866 0.0030248 -0.16314 -0.0023526 0.99999 0.0043134 0.16315 -0.0038718 0.98659 -0.050848 0.010711 0.23597
17 0.98482 0.006383 -0.17347 -0.005094 0.99996 0.0078749 0.17352 -0.0068717 0.98481 -0.054873 0.011193 0.24993
18 0.98303 0.0073177 -0.18329 -0.006819 0.99997 0.003351 0.18331 -0.0020442 0.98305 -0.059896 0.01155 0.26374
19 0.9811 0.0062536 -0.19339 -0.0074893 0.99996 -0.0056589 0.19335 0.0070003 0.9811 -0.064385 0.01203 0.27759
20 0.97912 0.0025992 -0.20326 -0.005465 0.99989 -0.013539 0.20321 0.014367 0.97903 -0.06951 0.012459 0.29154
21 0.9769 -0.0021368 -0.21367 -0.001869 0.99983 -0.018544 0.21367 0.018515 0.97673 -0.07425 0.012612 0.30531
22 0.97429 -0.003446 -0.22527 -0.0003795 0.99986 -0.016936 0.2253 0.016586 0.97415 -0.078503 0.01283 0.31976
23 0.96927 -0.0006057 -0.24602 -0.0019054 0.99995 -0.0099687 0.24601 0.010131 0.96921 -0.076045 0.012177 0.33596
24 0.9642 0.002121 -0.26519 -0.0033076 0.99999 -0.0040284 0.26517 0.0047613 0.96419 -0.075119 0.011209 0.35314
25 0.95897 0.0019466 -0.28349 -0.0027195 0.99999 -0.0023329 0.28348 0.0030081 0.95897 -0.074913 0.0099987 0.37263
26 0.95513 0.0029992 -0.29616 -0.0035221 0.99999 -0.0012321 0.29615 0.0022199 0.95514 -0.078769 0.0097848 0.38846
27 0.95106 0.0092721 -0.30888 -0.0069826 0.99994 0.0085167 0.30894 -0.005943 0.95106 -0.084197 0.0090713 0.40421
28 0.94706 0.011978 -0.32084 -0.0069176 0.99983 0.016909 0.32098 -0.013794 0.94698 -0.089554 0.0082936 0.41998
29 0.94326 0.0064938 -0.332 -0.0003495 0.99983 0.018564 0.33206 -0.017394 0.9431 -0.094597 0.0084002 0.43479
30 0.93895 0.0009758 -0.34405 0.0051144 0.99985 0.016793 0.34402 -0.017528 0.9388 -0.099857 0.0085848 0.45052
31 0.93479 -0.0020493 -0.35521 0.008193 0.99984 0.015793 0.35512 -0.017673 0.93465 -0.10601 0.0089315 0.46629
32 0.93037 0.0039062 -0.36659 0.0014311 0.9999 0.014286 0.36661 -0.013816 0.93027 -0.11281 0.0095895 0.48105
33 0.92548 0.0083055 -0.3787 -0.0036197 0.99991 0.013084 0.37877 -0.010738 0.92543 -0.12017 0.0099628 0.49588
34 0.92033 0.0058434 -0.39111 -0.0005617 0.99991 0.013618 0.39115 -0.012313 0.92024 -0.12685 0.01015 0.511
35 0.91545 0.0013083 -0.40243 0.0053695 0.99987 0.015465 0.40239 -0.016319 0.91532 -0.13394 0.010684 0.52641
36 0.91041 0.0010893 -0.4137 0.007559 0.99979 0.019267 0.41363 -0.020669 0.91021 -0.14209 0.010965 0.54218
37 0.90428 0.0054398 -0.42691 0.0046153 0.99974 0.022515 0.42692 -0.02233 0.90401 -0.15075 0.011541 0.55863
38 0.89826 0.0055312 -0.43944 0.0045295 0.99975 0.021843 0.43945 -0.021611 0.89801 -0.15967 0.011772 0.57447
39 0.89155 0.004357 -0.4529 0.0048751 0.9998 0.019215 0.4529 -0.019339 0.89135 -0.1684 0.012025 0.59097
40 0.88471 0.0038943 -0.46612 0.0047345 0.99984 0.01734 0.46611 -0.017548 0.88455 -0.178 0.012611 0.60736
41 0.87696 0.0013931 -0.48056 0.0075459 0.99983 0.016668 0.48051 -0.018244 0.8768 -0.18827 0.012872 0.6248
42 0.86829 -0.0034845 -0.49605 0.012235 0.99982 0.014392 0.49591 -0.018566 0.86818 -0.19834 0.013646 0.64341
43 0.85952 -0.0076427 -0.51105 0.015072 0.99983 0.010397 0.51088 -0.016639 0.85949 -0.20934 0.014202 0.66143
44 0.85019 -0.0042359 -0.52645 0.0098879 0.99992 0.007923 0.52638 -0.011942 0.85017 -0.22156 0.014645 0.67945
45 0.83994 -0.0008033 -0.54268 0.0062439 0.99995 0.0081839 0.54265 -0.010262 0.8399 -0.23442 0.015032 0.69762
46 0.82906 -7.4e-06 -0.55916 0.0065861 0.99993 0.009752 0.55912 -0.011768 0.829 -0.24764 0.015239 0.71615
47 0.81799 -0.000817 -0.57523 0.0087836 0.9999 0.01107 0.57516 -0.014108 0.81792 -0.2612 0.015552 0.73429
48 0.80655 -0.0013582 -0.59116 0.010215 0.99988 0.011639 0.59108 -0.015426 0.80647 -0.27499 0.015934 0.75234
49 0.79506 7.51e-05 -0.60653 0.009698 0.99987 0.012836 0.60645 -0.016088 0.79496 -0.28912 0.016354 0.76998
50 0.78349 0.001586 -0.62141 0.0092245 0.99986 0.014182 0.62134 -0.016844 0.78336 -0.30376 0.016777 0.78732
51 0.77207 0.0039918 -0.63552 0.0075213 0.99985 0.015418 0.63549 -0.016683 0.77193 -0.31845 0.016951 0.80351
52 0.76083 0.0052745 -0.64893 0.0066815 0.99985 0.015961 0.64891 -0.016479 0.76068 -0.3333 0.017511 0.81961
53 0.74963 0.0060252 -0.66183 0.0066177 0.99984 0.016598 0.66182 -0.016822 0.74947 -0.34854 0.017706 0.83588
54 0.7387 0.0060995 -0.67401 0.0066257 0.99984 0.01631 0.674 -0.016514 0.73854 -0.3637 0.018671 0.852
55 0.72851 0.0084335 -0.68498 0.0048621 0.99984 0.017481 0.68502 -0.016066 0.72835 -0.37937 0.018937 0.86761
56 0.71903 0.0093724 -0.69491 0.0044367 0.99983 0.018076 0.69496 -0.01608 0.71887 -0.39551 0.019709 0.88243
57 0.70931 0.009789 -0.70483 0.0039833 0.99983 0.017895 0.70489 -0.0155 0.70915 -0.41134 0.020272 0.89785
58 0.70082 0.010304 -0.71326 0.0038377 0.99983 0.018214 0.71333 -0.015502 0.70066 -0.42768 0.021219 0.91242
59 0.69342 0.011719 -0.72044 0.0035611 0.9998 0.01969 0.72053 -0.016219 0.69324 -0.4444 0.021446 0.92716
60 0.68685 0.01342 -0.72668 0.0024529 0.99978 0.020782 0.7268 -0.016057 0.68666 -0.46077 0.021614 0.94121
61 0.68061 0.013001 -0.73253 0.0021509 0.9998 0.019743 0.73264 -0.015013 0.68045 -0.47684 0.022843 0.95597
62 0.67605 0.013643 -0.73673 0.0018305 0.99979 0.020194 0.73686 -0.015 0.67588 -0.49282 0.022851 0.97009
63 0.67227 0.013782 -0.74018 0.0020344 0.99979 0.020463 0.74031 -0.015263 0.6721 -0.50802 0.023821 0.98421
64 0.67019 0.014222 -0.74205 0.0022621 0.99977 0.021205 0.74218 -0.01589 0.67001 -0.52369 0.023674 0.9981
65 0.66974 0.012962 -0.74248 0.0029057 0.99979 0.020075 0.74259 -0.015602 0.66956 -0.53942 0.02484 1.0114
66 0.67021 0.01222 -0.74207 0.0027195 0.99982 0.018921 0.74216 -0.014699 0.67006 -0.55443 0.025417 1.0251
67 0.6719 0.010393 -0.74057 0.002749 0.99986 0.016526 0.74063 -0.01314 0.67178 -0.56925 0.026481 1.0384
68 0.6755 0.0085057 -0.73731 0.0024302 0.9999 0.013761 0.73735 -0.011088 0.67542 -0.5847 0.026487 1.0518
69 0.68034 0.0058655 -0.73287 0.0028212 0.99994 0.010622 0.73289 -0.0092941 0.68029 -0.59957 0.026868 1.0657
70 0.68647 0.0050166 -0.72714 0.0029708 0.99995 0.0097033 0.72715 -0.0088212 0.68642 -0.61421 0.027674 1.0799
71 0.69362 0.0065614 -0.72031 0.0020407 0.99994 0.011074 0.72034 -0.0091509 0.69356 -0.62992 0.028592 1.0946
72 0.70232 0.01012 -0.71179 -0.000372 0.9999 0.01385 0.71186 -0.0094624 0.70226 -0.64532 0.028617 1.1094
73 0.71201 0.012823 -0.70206 -0.0025312 0.99987 0.015695 0.70217 -0.0093977 0.71195 -0.65968 0.029061 1.1245
74 0.72306 0.0142 -0.69064 -0.0034088 0.99985 0.016989 0.69078 -0.00993 0.723 -0.67474 0.029077 1.14
75 0.73431 0.014491 -0.67866 -0.0044754 0.99985 0.016507 0.6788 -0.0090839 0.73427 -0.68866 0.029444 1.1555
76 0.74701 0.014134 -0.66466 -0.0053897 0.99987 0.015204 0.66479 -0.0077753 0.74699 -0.70194 0.029706 1.1709
77 0.76049 0.014093 -0.6492 -0.0073465 0.99989 0.013099 0.64931 -0.0051926 0.76051 -0.71494 0.030463 1.1868
78 0.77398 0.016075 -0.63301 -0.010715 0.99987 0.01229 0.63312 -0.0027294 0.77405 -0.72788 0.030425 1.2029
79 0.78745 0.016956 -0.61615 -0.013314 0.99986 0.0105 0.61624 -6.48e-05 0.78756 -0.74 0.031015 1.2191
80 0.80057 0.015407 -0.59904 -0.012331 0.99988 0.0092379 0.59911 -8.8e-06 0.80067 -0.75166 0.031316 1.2357
81 0.81398 0.01374 -0.58073 -0.011502 0.99991 0.0075353 0.58078 0.0005462 0.81406 -0.76301 0.031821 1.253
82 0.82789 0.014149 -0.56072 -0.01291 0.9999 0.0061692 0.56075 0.0021314 0.82799 -0.77418 0.031635 1.2698
83 0.84138 0.013675 -0.54028 -0.01346 0.9999 0.0043475 0.54028 0.0036142 0.84148 -0.78464 0.031799 1.2873
84 0.85494 0.01111 -0.51861 -0.010834 0.99993 0.0035619 0.51862 0.0025733 0.855 -0.79494 0.032302 1.3061
85 0.86818 0.0083725 -0.49618 -0.0077864 0.99996 0.0032493 0.49619 0.0010425 0.86821 -0.8049 0.032788 1.3248
86 0.88066 0.0072592 -0.47368 -0.0063158 0.99997 0.0035824 0.4737 -0.0001632 0.88069 -0.81497 0.03306 1.3447
87 0.89253 0.0076218 -0.45093 -0.0069542 0.99997 0.0031375 0.45094 0.0003355 0.89255 -0.82449 0.03361 1.3645
88 0.9038 0.010097 -0.42783 -0.0096804 0.99995 0.0031482 0.42784 0.0012961 0.90386 -0.8333 0.033434 1.3844
89 0.91455 0.012419 -0.40428 -0.011899 0.99992 0.003798 0.40429 0.0013371 0.91463 -0.84219 0.033179 1.4047
90 0.92421 0.010658 -0.38173 -0.0099428 0.99994 0.003846 0.38175 0.0002409 0.92427 -0.85008 0.03351 1.426
91 0.93317 0.0086566 -0.35933 -0.0077511 0.99996 0.0039606 0.35935 -0.0009108 0.9332 -0.85734 0.033568 1.4476
92 0.94173 0.0094028 -0.33623 -0.0085661 0.99996 0.0039717 0.33625 -0.0008601 0.94177 -0.86411 0.033736 1.4691
93 0.94974 0.011808 -0.31283 -0.011209 0.99993 0.0037152 0.31285 -2.2e-05 0.9498 -0.87111 0.033965 1.4909
94 0.95709 0.013431 -0.28947 -0.012581 0.99991 0.0047946 0.28951 -0.000947 0.95717 -0.87765 0.034123 1.5134
95 0.96381 0.015914 -0.26611 -0.014688 0.99987 0.0065993 0.26618 -0.002452 0.96392 -0.88367 0.034189 1.5365
96 0.96989 0.019404 -0.24275 -0.018232 0.99981 0.0070725 0.24284 -0.0024336 0.97006 -0.88906 0.034312 1.5598
97 0.97546 0.023313 -0.21893 -0.022425 0.99973 0.0065384 0.21902 -0.0014685 0.97572 -0.89404 0.034553 1.5837
98 0.98065 0.026504 -0.19394 -0.02588 0.99965 0.0057503 0.19403 -0.0006198 0.981 -0.89856 0.034684 1.6072
99 0.98526 0.027003 -0.1689 -0.026477 0.99964 0.0053647 0.16898 -0.0008138 0.98562 -0.90222 0.035088 1.6316
100 0.98921 0.02831 -0.14376 -0.027827 0.9996 0.0053724 0.14385 -0.0013141 0.9896 -0.90516 0.035384 1.6565
101 0.99258 0.03001 -0.1178 -0.029438 0.99954 0.0065923 0.11795 -0.0030755 0.99302 -0.90775 0.035558 1.6817
102 0.99516 0.032387 -0.09274 -0.031788 0.99946 0.0079324 0.092948 -0.0049461 0.99566 -0.90947 0.035934 1.7075
103 0.99706 0.034124 -0.068577 -0.03355 0.99939 0.009493 0.068859 -0.0071644 0.9976 -0.91082 0.036153 1.7341
104 0.99838 0.035076 -0.044789 -0.034675 0.99935 0.0096989 0.0451 -0.0081301 0.99895 -0.91129 0.036353 1.7609
105 0.9991 0.036643 -0.021239 -0.036461 0.9993 0.0088717 0.021549 -0.0080893 0.99974 -0.91115 0.036646 1.7878
106 0.9993 0.037242 0.0036834 -0.037269 0.99928 0.0076157 -0.0033971 -0.0077477 0.99996 -0.91096 0.037017 1.8153
107 0.99888 0.038087 0.027925 -0.038281 0.99925 0.0064622 -0.027658 -0.007524 0.99959 -0.90953 0.037552 1.8435
108 0.99793 0.038971 0.051206 -0.039305 0.99921 0.0055431 -0.050949 -0.0075442 0.99867 -0.90722 0.03786 1.8712
109 0.99647 0.039859 0.073891 -0.0403 0.99918 0.0044815 -0.073651 -0.0074435 0.99726 -0.90467 0.038229 1.8998
110 0.99459 0.040045 0.095886 -0.040659 0.99916 0.0044589 -0.095628 -0.0083334 0.99538 -0.90115 0.038505 1.9295
111 0.99221 0.040523 0.11781 -0.041425 0.99913 0.0052183 -0.1175 -0.010058 0.99302 -0.89719 0.03887 1.9589
112 0.98936 0.040751 0.13968 -0.042059 0.99909 0.0064251 -0.13929 -0.012231 0.99018 -0.89285 0.03897 1.9888
113 0.98613 0.04028 0.16102 -0.041968 0.99909 0.0070935 -0.16059 -0.013753 0.98693 -0.88747 0.039173 2.0187
114 0.98262 0.039547 0.18137 -0.041582 0.99911 0.0074263 -0.18092 -0.014839 0.98339 -0.88169 0.039398 2.0482
115 0.97897 0.039067 0.20022 -0.041206 0.99913 0.006523 -0.19979 -0.014636 0.97973 -0.8752 0.039852 2.0782
116 0.97511 0.038552 0.21837 -0.040724 0.99916 0.0054544 -0.21797 -0.014211 0.97585 -0.86848 0.040207 2.1081
117 0.97094 0.039287 0.2361 -0.041451 0.99913 0.0042086 -0.23573 -0.013873 0.97172 -0.8609 0.040027 2.1373
118 0.96651 0.040198 0.25345 -0.042259 0.9991 0.0026907 -0.25312 -0.013311 0.96734 -0.85225 0.039999 2.1664
119 0.96171 0.039923 0.27115 -0.041801 0.99913 0.0011529 -0.27087 -0.012443 0.96254 -0.84395 0.040103 2.1959
120 0.95657 0.039192 0.28886 -0.040961 0.99916 7.86e-05 -0.28862 -0.011907 0.95737 -0.83488 0.040518 2.2249
121 0.95111 0.038397 0.30646 -0.040232 0.99919 -0.0003295 -0.30622 -0.012016 0.95188 -0.8252 0.040397 2.2537
122 0.94511 0.039031 0.32442 -0.041047 0.99916 -0.0006273 -0.32417 -0.012724 0.94591 -0.81576 0.040249 2.2825
123 0.93897 0.038975 0.34178 -0.041311 0.99915 -0.0004421 -0.3415 -0.013704 0.93978 -0.80511 0.040191 2.3111
124 0.9325 0.037364 0.35924 -0.03972 0.99921 -0.0008228 -0.35899 -0.013502 0.93324 -0.79375 0.040362 2.3401
125 0.92604 0.033187 0.37595 -0.035498 0.99937 -0.0007812 -0.37574 -0.012622 0.92664 -0.78125 0.040117 2.3683
126 0.91934 0.02766 0.39249 -0.030044 0.99955 -6.88e-05 -0.39232 -0.011729 0.91976 -0.76838 0.039862 2.3959
127 0.91251 0.022437 0.40845 -0.024921 0.99969 0.000761 -0.4083 -0.010873 0.91278 -0.75565 0.039707 2.4236
128 0.90583 0.01666 0.42331 -0.018955 0.99982 0.0012134 -0.42321 -0.0091229 0.90599 -0.74265 0.039767 2.4511
129 0.90117 0.010461 0.43334 -0.01224 0.99992 0.0013154 -0.43329 -0.0064893 0.90123 -0.72818 0.039898 2.4787
130 0.89764 0.004462 0.44071 -0.0053521 0.99999 0.0007766 -0.4407 -0.0030558 0.89765 -0.71389 0.03981 2.5056
131 0.89514 -0.0002667 0.44579 0.0004523 1 -0.00031 -0.44579 0.0004792 0.89514 -0.69972 0.039888 2.5333
132 0.8939 -0.0043601 0.44825 0.0057646 0.99998 -0.001769 -0.44823 0.0041652 0.89391 -0.6851 0.040202 2.5613
133 0.89386 -0.0086214 0.44827 0.010986 0.99994 -0.0026748 -0.44822 0.0073156 0.8939 -0.67093 0.040075 2.5893
134 0.89492 -0.012748 0.44605 0.015409 0.99988 -0.0023371 -0.44597 0.0089646 0.895 -0.65664 0.039817 2.6171
135 0.89732 -0.014054 0.44115 0.015726 0.99988 -0.000134 -0.4411 0.0070576 0.89743 -0.64293 0.04031 2.6461
136 0.90088 -0.016538 0.43375 0.016459 0.99986 0.0039383 -0.43375 0.0035911 0.90103 -0.62935 0.040611 2.6755
137 0.9052 -0.020033 0.42452 0.018376 0.9998 0.0079976 -0.4246 0.0005618 0.90538 -0.61605 0.041111 2.7052
138 0.91035 -0.025729 0.41304 0.023057 0.99967 0.011454 -0.4132 -0.0009034 0.91064 -0.60266 0.041508 2.7351
139 0.91638 -0.025782 0.39947 0.022387 0.99966 0.013164 -0.39967 -0.0031206 0.91665 -0.58922 0.041597 2.7653
140 0.92175 -0.023028 0.38711 0.019458 0.99972 0.013139 -0.38731 -0.0045786 0.92194 -0.57798 0.042019 2.796
141 0.92768 -0.020783 0.37279 0.017876 0.99978 0.011253 -0.37294 -0.0037756 0.92785 -0.56576 0.042996 2.8269
142 0.93314 -0.021618 0.35886 0.019415 0.99976 0.0097428 -0.35898 -0.0021244 0.93334 -0.55451 0.043481 2.8579
143 0.93819 -0.020864 0.3455 0.019268 0.99978 0.0080534 -0.34559 -0.0008985 0.93839 -0.54358 0.044061 2.8894
144 0.94313 -0.019038 0.33187 0.017547 0.99982 0.0074904 -0.33196 -0.0012412 0.94329 -0.53332 0.044268 2.9209
145 0.94785 -0.016254 0.31831 0.014825 0.99987 0.0069088 -0.31838 -0.0018294 0.94796 -0.52385 0.044622 2.9535
146 0.95208 -0.015294 0.30548 0.013486 0.99988 0.0080273 -0.30556 -0.0035228 0.95217 -0.51406 0.045092 2.9865
147 0.95611 -0.015204 0.29261 0.01285 0.99987 0.0099659 -0.29272 -0.0057684 0.95618 -0.50422 0.045466 3.0202
148 0.95985 -0.013667 0.28017 0.010634 0.99987 0.012343 -0.2803 -0.0088679 0.95987 -0.49475 0.046152 3.0533
149 0.96318 -0.013123 0.26855 0.0095646 0.99985 0.014556 -0.2687 -0.011452 0.96316 -0.48608 0.046567 3.0874
150 0.96607 -0.011905 0.25802 0.0084966 0.99986 0.014323 -0.25815 -0.011644 0.96603 -0.4774 0.046873 3.121
151 0.96885 -0.010724 0.24742 0.0079282 0.99989 0.012291 -0.24753 -0.0099467 0.96883 -0.46901 0.046948 3.155
152 0.97116 -0.0079154 0.23829 0.0061581 0.99995 0.0081181 -0.23834 -0.0064166 0.97116 -0.4607 0.047927 3.1896
153 0.97318 -0.0070245 0.22992 0.0061562 0.99997 0.0044935 -0.22995 -0.0029576 0.9732 -0.45269 0.0486 3.2246
154 0.97481 -0.0076887 0.22291 0.0070732 0.99997 0.0035595 -0.22293 -0.0018932 0.97483 -0.44483 0.04887 3.259
