1 0 0 0 0 0 0 0 0 0 0 0 0
2 1 0.0004189 0.0015991 -0.0004175 1 -0.0008355 -0.0015995 0.0008349 1 -0.0003154 -0.0003301 0.052348
3 0.99999 0.001107 0.0037131 -0.0011026 1 -0.0011869 -0.0037144 0.0011827 0.99999 -0.0009007 -0.000746 0.10406
4 0.99999 0.001169 0.0045741 -0.0011662 1 -0.0006106 -0.0045748 0.0006052 0.99999 -0.0002296 -0.0010726 0.1559
5 0.99998 0.0016017 0.0065766 -0.0016026 1 0.0001394 -0.0065764 -0.0001499 0.99998 -9.7e-05 -0.0018049 0.20675
6 0.99994 0.0025833 0.011048 -0.0025767 1 -0.000612 -0.011049 0.0005834 0.99994 -0.0003937 -0.0020583 0.25473
7 0.9999 0.0030549 0.013795 -0.0030662 0.99999 0.0007975 -0.013792 -0.0008398 0.9999 0.0002224 -0.0028884 0.30434
8 0.99987 0.0020936 0.015776 -0.0021198 1 0.0016418 -0.015772 -0.0016751 0.99987 0.0009705 -0.0032931 0.35333
9 0.99985 0.0014426 0.01734 -0.00148 1 0.0021487 -0.017337 -0.002174 0.99985 0.001683 -0.0037992 0.40171
10 0.99982 -0.0006279 0.018991 0.0005835 1 0.0023442 -0.018992 -0.0023327 0.99982 0.002755 -0.0042147 0.45019
11 0.9998 -0.0012687 0.02018 0.0012156 1 0.002641 -0.020183 -0.0026159 0.99979 0.003862 -0.0045778 0.49846
12 0.99975 -0.0014632 0.022529 0.001406 1 0.0025537 -0.022533 -0.0025214 0.99974 0.0042426 -0.0050368 0.54514
13 0.99971 -0.0019682 0.023924 0.001952 1 0.0006984 -0.023925 -0.0006515 0.99971 0.0054142 -0.0055512 0.59341
14 0.99966 -0.0011132 0.026008 0.0010991 1 0.0005578 -0.026008 -0.000529 0.99966 0.0063154 -0.0060686 0.63937
15 0.99963 -0.0007522 0.027165 0.0007056 1 0.0017247 -0.027166 -0.0017049 0.99963 0.0077109 -0.0066141 0.68542
16 0.99957 0.0004287 0.029255 -0.0004862 1 0.0019598 -0.029254 -0.0019732 0.99957 0.0081991 -0.0071351 0.73337
17 0.99957 -0.001097 0.02928 0.0010875 1 0.0003405 -0.02928 -0.0003085 0.99957 0.010089 -0.0077881 0.77711
18 0.99953 -0.0007459 0.030496 0.0007994 1 -0.0017434 -0.030495 0.001767 0.99953 0.011058 -0.0083039 0.82375
19 0.99953 -0.0015981 0.030551 0.0016579 1 -0.0019335 -0.030548 0.0019832 0.99953 0.013184 -0.0092048 0.87028
20 0.99951 -0.0018585 0.031195 0.0018664 1 -0.0002227 -0.031194 0.0002808 0.99951 0.014682 -0.0094809 0.91711
21 0.9995 -0.0025349 0.031436 0.0024817 1 0.0017318 -0.031441 -0.0016529 0.9995 0.016575 -0.0095601 0.96358
22 0.99943 -0.0019662 0.033759 0.0018574 0.99999 0.0032535 -0.033765 -0.003189 0.99942 0.01621 -0.010247 1.0085
23 0.99942 -0.0030213 0.033999 0.0029283 0.99999 0.0027855 -0.034007 -0.0026843 0.99942 0.018264 -0.010451 1.0508
24 0.9994 -0.0037926 0.034352 0.0037402 0.99999 0.0015896 -0.034357 -0.0014602 0.99941 0.019779 -0.011008 1.0966
25 0.99935 -0.002777 0.035951 0.002772 1 0.0001896 -0.035951 -8.98e-05 0.99935 0.020738 -0.011649 1.1416
26 0.99933 -0.0039391 0.036277 0.0039765 0.99999 -0.000958 -0.036273 0.0011016 0.99934 0.023075 -0.012327 1.1852
27 0.99928 -0.0027053 0.037782 0.0027931 0.99999 -0.0022712 -0.037775 0.0023751 0.99928 0.024816 -0.012782 1.2299
28 0.99915 -0.0018077 0.04107 0.0019293 0.99999 -0.0029205 -0.041064 0.0029973 0.99915 0.02573 -0.013288 1.2741
29 0.99908 -0.0012334 0.042931 0.0013304 1 -0.0022323 -0.042928 0.0022873 0.99908 0.02755 -0.014383 1.3185
30 0.99901 -0.002494 0.044446 0.0025862 0.99999 -0.0020178 -0.044441 0.0021308 0.99901 0.029767 -0.014446 1.3631
31 0.99893 -0.0014069 0.046125 0.0014337 1 -0.0005485 -0.046124 0.000614 0.99894 0.031665 -0.015108 1.4068
32 0.99884 -0.0019763 0.048083 0.0019323 1 0.000962 -0.048085 -0.000868 0.99884 0.033995 -0.016081 1.4505
33 0.99868 -0.0016413 0.05131 0.0015514 1 0.0017906 -0.051313 -0.0017086 0.99868 0.035544 -0.016292 1.4951
34 0.99851 -0.0016391 0.054582 0.001602 1 0.0007234 -0.054583 -0.0006349 0.99851 0.037523 -0.01659 1.538
35 0.99841 -0.0012554 0.056299 0.0012292 1 0.0005014 -0.056299 -0.0004314 0.99841 0.039885 -0.017305 1.5818
36 0.99833 -0.0023805 0.057666 0.0024233 1 -0.0006725 -0.057664 0.0008111 0.99834 0.04315 -0.017637 1.6251
37 0.99823 -0.0020993 0.059376 0.0022025 1 -0.0016725 -0.059372 0.0018003 0.99823 0.045488 -0.017964 1.6693
38 0.99816 -0.0019018 0.060637 0.0020744 0.99999 -0.0027829 -0.060631 0.0029036 0.99816 0.048341 -0.018475 1.7126
39 0.99806 -0.0013683 0.062236 0.0015887 0.99999 -0.0034924 -0.062231 0.0035845 0.99806 0.050896 -0.019196 1.7563
40 0.9979 -0.0002795 0.064845 0.0005803 0.99999 -0.0046197 -0.064843 0.0046476 0.99788 0.052583 -0.019338 1.799
41 0.99774 0.0003965 0.067148 -0.0001484 0.99999 -0.0037003 -0.067149 0.0036819 0.99774 0.05418 -0.02018 1.8416
42 0.99768 -0.0006203 0.068103 0.0007715 1 -0.0021944 -0.068101 0.0022418 0.99768 0.058493 -0.020268 1.8851
43 0.99758 -0.0020316 0.069492 0.0021409 1 -0.0014981 -0.069488 0.0016433 0.99758 0.061492 -0.020797 1.9291
44 0.99737 -0.0015661 0.072396 0.001677 1 -0.0014714 -0.072393 0.001589 0.99737 0.063471 -0.021496 1.9687
45 0.9972 -0.0003525 0.074843 0.0005736 1 -0.0029331 -0.074841 0.0029678 0.99719 0.066273 -0.021929 2.0123
46 0.99692 0.001276 0.078373 -0.0010202 0.99999 -0.0033039 -0.078377 0.0032138 0.99692 0.069856 -0.022196 2.0537
47 0.99669 0.0023033 0.081296 -0.001997 0.99999 -0.0038483 -0.081304 0.0036732 0.99668 0.073142 -0.023031 2.096
48 0.99644 0.0019333 0.084268 -0.0015668 0.99999 -0.0044144 -0.084275 0.0042666 0.99643 0.076559 -0.024001 2.1386
49 0.99629 0.0024792 0.086049 -0.0019982 0.99998 -0.005675 -0.086061 0.005482 0.99627 0.080519 -0.024477 2.1818
50 0.99609 0.0019962 0.088283 -0.0014746 0.99998 -0.0059734 -0.088293 0.0058198 0.99608 0.083967 -0.024722 2.2234
51 0.99592 0.0022291 0.090168 -0.0017963 0.99999 -0.0048803 -0.090178 0.0046984 0.99591 0.087621 -0.025203 2.2659
52 0.99568 0.0005935 0.092901 -0.0002352 0.99999 -0.0038674 -0.092903 0.0038288 0.99567 0.090585 -0.0259 2.3066
53 0.99553 0.0008681 0.094424 -0.0004288 0.99999 -0.0046727 -0.094427 0.0046114 0.99552 0.094489 -0.026308 2.3488
54 0.99537 -0.0004116 0.09611 0.0009605 0.99998 -0.0056654 -0.096106 0.0057315 0.99535 0.09871 -0.026891 2.3898
55 0.99528 -0.0001752 0.097005 0.0006776 0.99999 -0.0051463 -0.097003 0.0051877 0.99527 0.10284 -0.027789 2.4313
56 0.99504 0.000513 0.099425 -0.0002112 1 -0.0030465 -0.099426 0.0030104 0.99504 0.10618 -0.028615 2.472
57 0.99496 1.43e-05 0.10024 6.51e-05 1 -0.0007887 -0.10024 0.0007913 0.99496 0.11044 -0.028946 2.5151
58 0.99487 -0.0011955 0.10118 0.0011186 1 0.0008175 -0.10118 -0.0007001 0.99487 0.11441 -0.029682 2.5551
59 0.99477 -0.0008743 0.10211 0.0008554 1 0.0002288 -0.10211 -0.0001402 0.99477 0.11856 -0.030101 2.5966
60 0.99461 -0.0002433 0.1037 0.0004385 1 -0.0018595 -0.1037 0.001895 0.99461 0.12245 -0.030713 2.6363
61 0.99444 0.0010518 0.10525 -0.0006719 0.99999 -0.0036453 -0.10526 0.0035544 0.99444 0.12635 -0.031347 2.6762
62 0.99438 -0.0001293 0.10589 0.000594 0.99999 -0.0043567 -0.10588 0.0043951 0.99437 0.13151 -0.032217 2.7239
63 0.99426 0.00131 0.10701 -0.0005719 0.99998 -0.0069285 -0.10701 0.0068275 0.99423 0.1355 -0.032654 2.7645
64 0.99419 0.0006276 0.10766 0.0002525 0.99997 -0.0081615 -0.10766 0.0081413 0.99415 0.14034 -0.033594 2.8056
65 0.99416 -0.0004902 0.10788 0.0014598 0.99996 -0.0089092 -0.10787 0.0090147 0.99412 0.14508 -0.034267 2.846
66 0.99407 -0.00097 0.10878 0.0018724 0.99996 -0.0081931 -0.10877 0.0083481 0.99403 0.14904 -0.034803 2.8876
67 0.99384 0.0005991 0.11084 0.0001246 0.99998 -0.0065221 -0.11084 0.0064958 0.99382 0.15315 -0.035655 2.9277
68 0.99348 0.0003236 0.11403 0.0003429 0.99998 -0.0058261 -0.11403 0.0058272 0.99346 0.15703 -0.036235 2.9679
69 0.99322 0.0001592 0.11623 0.000502 0.99998 -0.0056593 -0.11623 0.0056793 0.99321 0.16159 -0.03695 3.008
70 0.993 -0.0010755 0.11813 0.0017158 0.99998 -0.005319 -0.11812 0.0054845 0.99298 0.16581 -0.037571 3.047
71 0.99292 -0.0030778 0.11871 0.0037039 0.99998 -0.0050542 -0.11869 0.0054581 0.99292 0.17035 -0.038309 3.0864
72 0.99279 -0.0030035 0.11984 0.0036692 0.99998 -0.0053346 -0.11982 0.0057358 0.99278 0.17497 -0.038948 3.1251
73 0.99263 -0.0019934 0.12119 0.0026506 0.99998 -0.0052618 -0.12118 0.0055442 0.99262 0.17951 -0.039527 3.163
74 0.99257 -0.0003261 0.12168 0.0010241 0.99998 -0.0056742 -0.12167 0.0057566 0.99255 0.18358 -0.040391 3.201
75 0.99241 0.0011284 0.12298 -0.0003981 0.99998 -0.0059629 -0.12299 0.0058686 0.99239 0.18802 -0.041091 3.2381
76 0.99211 0.0008707 0.12538 -0.0002549 0.99999 -0.0049273 -0.12539 0.0048564 0.9921 0.19255 -0.041893 3.279
77 0.99182 0.0015802 0.12766 -0.0011388 0.99999 -0.0035306 -0.12767 0.0033563 0.99181 0.19681 -0.042717 3.3155
78 0.99163 -0.0002316 0.12912 0.0003039 1 -0.00054 -0.12912 0.0005748 0.99163 0.20192 -0.043358 3.3513
79 0.99147 -0.0023956 0.13032 0.0024005 1 0.0001198 -0.13032 0.000194 0.99147 0.2068 -0.044151 3.3863
80 0.99136 -0.004497 0.13111 0.0047187 0.99999 -0.0013803 -0.1311 0.0019871 0.99137 0.21152 -0.044569 3.4204
81 0.99117 -0.0042617 0.1325 0.004742 0.99998 -0.0033094 -0.13248 0.0039085 0.99118 0.21575 -0.045273 3.4539
82 0.99092 -0.0036447 0.13439 0.0043596 0.99998 -0.005026 -0.13437 0.0055663 0.99092 0.22051 -0.045604 3.4934
83 0.99072 -0.0032429 0.1359 0.0039899 0.99998 -0.0052244 -0.13588 0.0057182 0.99071 0.22536 -0.046494 3.5261
84 0.99048 -0.0028474 0.13761 0.0036906 0.99998 -0.0058727 -0.13759 0.0063247 0.99047 0.22908 -0.047221 3.5577
85 0.99031 -0.0030374 0.13882 0.0038972 0.99997 -0.005923 -0.1388 0.0064066 0.9903 0.23367 -0.047995 3.5895
86 0.9901 -0.0032368 0.14032 0.0040956 0.99997 -0.0058321 -0.14029 0.0063491 0.99009 0.23777 -0.048827 3.6211
87 0.98986 -0.0035547 0.142 0.0044948 0.99997 -0.0063001 -0.14197 0.0068745 0.98985 0.24194 -0.049478 3.6522
88 0.98978 -0.0040487 0.14258 0.0049827 0.99997 -0.0061947 -0.14255 0.0068418 0.98976 0.24641 -0.05051 3.6827
89 0.98963 -0.0040215 0.14355 0.0049039 0.99997 -0.0057932 -0.14353 0.0064371 0.98963 0.25089 -0.051016 3.7135
90 0.98948 -0.004419 0.14461 0.0051225 0.99998 -0.0044925 -0.14459 0.005186 0.98948 0.25496 -0.051674 3.7429
91 0.98923 -0.0037333 0.14633 0.0042777 0.99999 -0.0034058 -0.14631 0.0039951 0.98923 0.25891 -0.052375 3.7728
92 0.98918 -0.0037639 0.14669 0.0043208 0.99998 -0.0034779 -0.14668 0.0040741 0.98918 0.26315 -0.052665 3.8026
93 0.98909 -0.0034731 0.1473 0.0040847 0.99998 -0.0038496 -0.14729 0.0044092 0.98908 0.26757 -0.053288 3.8321
94 0.98892 -0.0039333 0.14838 0.00474 0.99998 -0.0050836 -0.14835 0.0057306 0.98892 0.27188 -0.053927 3.8604
95 0.98873 -0.003784 0.14969 0.0047523 0.99997 -0.0061113 -0.14967 0.0067538 0.98871 0.27595 -0.054382 3.8894
96 0.98855 -0.0054205 0.15078 0.0064735 0.99996 -0.0064933 -0.15074 0.007395 0.98855 0.28007 -0.055103 3.9166
97 0.98836 -0.0050888 0.15206 0.0061378 0.99996 -0.0064305 -0.15202 0.0072889 0.98835 0.28412 -0.055588 3.9451
98 0.98833 -0.0057116 0.15225 0.0068264 0.99995 -0.0068007 -0.1522 0.0077606 0.98832 0.28872 -0.055896 3.9721
99 0.98812 -0.0058715 0.15354 0.0071074 0.99995 -0.0075019 -0.15349 0.0085041 0.98811 0.29276 -0.056456 4.0001
100 0.98803 -0.0059216 0.15417 0.0073074 0.99994 -0.0084233 -0.15411 0.009449 0.98801 0.29708 -0.057236 4.0284
101 0.98783 -0.0049849 0.15548 0.006532 0.99993 -0.0094406 -0.15543 0.010341 0.98779 0.30137 -0.057488 4.0568
102 0.98778 -0.0062521 0.15575 0.007728 0.99993 -0.0088718 -0.15569 0.009967 0.98776 0.30523 -0.058353 4.0843
103 0.98774 -0.0058234 0.15602 0.0073196 0.99993 -0.0090178 -0.15595 0.010049 0.98771 0.30977 -0.05914 4.1118
104 0.98763 -0.0046006 0.15675 0.0061956 0.99993 -0.0096885 -0.1567 0.01054 0.98759 0.31367 -0.060195 4.1403
105 0.98756 -0.0046083 0.1572 0.0063011 0.99993 -0.010271 -0.15714 0.011134 0.98751 0.31806 -0.060684 4.1681
106 0.98749 -0.004454 0.1576 0.0059615 0.99994 -0.0090936 -0.15755 0.0099194 0.98746 0.32234 -0.061177 4.1957
107 0.9873 -0.0042079 0.15883 0.0054075 0.99996 -0.0071215 -0.15879 0.0078899 0.98728 0.32627 -0.061833 4.2229
108 0.98718 -0.0051819 0.15955 0.0061974 0.99996 -0.0058677 -0.15952 0.0067812 0.98717 0.33095 -0.062261 4.25
109 0.98703 -0.0059223 0.1604 0.0067414 0.99997 -0.0045626 -0.16037 0.0055848 0.98704 0.33517 -0.062887 4.2764
110 0.98692 -0.0069064 0.16104 0.0076957 0.99996 -0.004278 -0.161 0.0054613 0.98694 0.33992 -0.063248 4.3024
111 0.9867 -0.0081969 0.16236 0.0088845 0.99995 -0.0035096 -0.16233 0.0049054 0.98672 0.34405 -0.063829 4.3282
112 0.98648 -0.0086336 0.16363 0.0095225 0.99994 -0.0046488 -0.16358 0.0061442 0.98651 0.34769 -0.064019 4.3532
113 0.98623 -0.0094541 0.16509 0.010334 0.99994 -0.0044707 -0.16504 0.0061152 0.98627 0.35129 -0.064582 4.3778
114 0.98612 -0.011299 0.16563 0.01211 0.99992 -0.0038866 -0.16558 0.0058384 0.98618 0.35586 -0.065265 4.4014
115 0.98601 -0.01123 0.16631 0.011974 0.99992 -0.0034702 -0.16626 0.005413 0.98607 0.35972 -0.065747 4.4246
116 0.98587 -0.010601 0.16717 0.011324 0.99993 -0.0033706 -0.16713 0.005216 0.98592 0.36353 -0.066343 4.4458
117 0.98574 -0.010163 0.16798 0.010943 0.99993 -0.0037222 -0.16793 0.0055074 0.98578 0.36717 -0.066649 4.4681
118 0.98567 -0.010824 0.16834 0.011667 0.99992 -0.0040191 -0.16828 0.0059255 0.98572 0.37073 -0.067013 4.4883
119 0.98556 -0.0098242 0.16904 0.010723 0.99993 -0.0044054 -0.16898 0.0061544 0.9856 0.37435 -0.067316 4.5093
120 0.98545 -0.0091705 0.1697 0.010076 0.99994 -0.0044779 -0.16964 0.0061227 0.98549 0.37806 -0.067866 4.5296
121 0.9853 -0.0084646 0.17062 0.009432 0.99994 -0.0048604 -0.17057 0.0063983 0.98533 0.38124 -0.068173 4.5492
122 0.98518 -0.0087471 0.1713 0.0097199 0.99994 -0.0048411 -0.17125 0.0064344 0.98521 0.38446 -0.068829 4.5679
123 0.98507 -0.0086257 0.17193 0.0095147 0.99995 -0.0043473 -0.17188 0.0059182 0.9851 0.3874 -0.069363 4.5865
124 0.9849 -0.0086553 0.17293 0.009452 0.99995 -0.0037841 -0.17288 0.0053614 0.98493 0.39043 -0.069747 4.6046
125 0.98472 -0.0078216 0.17397 0.0086165 0.99996 -0.0038143 -0.17394 0.0052551 0.98474 0.39333 -0.070048 4.6218
126 0.98447 -0.0088117 0.17533 0.0095458 0.99995 -0.0033443 -0.1753 0.0049661 0.9845 0.39655 -0.070191 4.6383
127 0.9841 -0.0086105 0.17738 0.0093548 0.99995 -0.0033601 -0.17735 0.004966 0.98414 0.39899 -0.070531 4.6545
128 0.98386 -0.0081855 0.17876 0.0089461 0.99995 -0.0034495 -0.17872 0.004993 0.98389 0.40165 -0.070851 4.6695
129 0.98363 -0.0072444 0.18003 0.0081663 0.99996 -0.0043798 -0.17999 0.0057783 0.98365 0.40427 -0.071246 4.685
130 0.98341 -0.0067389 0.18125 0.0079363 0.99995 -0.0058821 -0.1812 0.007223 0.98342 0.40699 -0.071502 4.7002
131 0.98323 -0.0070544 0.18224 0.0085538 0.99994 -0.0074425 -0.18218 0.0088766 0.98323 0.40988 -0.07186 4.7153
132 0.98303 -0.0074146 0.18327 0.0090164 0.99993 -0.0079082 -0.1832 0.0094265 0.98303 0.41271 -0.072378 4.7301
133 0.98275 -0.0069948 0.1848 0.008724 0.99993 -0.0085453 -0.18473 0.01001 0.98274 0.41539 -0.072509 4.7452
134 0.98246 -0.0063367 0.18635 0.0080669 0.99993 -0.0085274 -0.18629 0.0098812 0.98245 0.41781 -0.073125 4.7595
135 0.98231 -0.0058768 0.18719 0.0077616 0.99993 -0.0093373 -0.18712 0.010625 0.98228 0.42064 -0.073289 4.7744
136 0.98215 -0.0058115 0.188 0.0076186 0.99993 -0.0088916 -0.18793 0.010165 0.98213 0.4238 -0.073756 4.7888
137 0.98191 -0.0056761 0.18924 0.0076082 0.99993 -0.0094852 -0.18917 0.010753 0.98189 0.42657 -0.073901 4.8035
138 0.98168 -0.0053273 0.19048 0.0073305 0.99992 -0.0098133 -0.19041 0.01103 0.98164 0.42941 -0.074329 4.8183
139 0.98159 -0.0045396 0.19092 0.0065905 0.99993 -0.010109 -0.19086 0.011181 0.98155 0.43251 -0.07453 4.8331
140 0.98126 -0.0048328 0.19261 0.0068034 0.99993 -0.0095709 -0.19255 0.010702 0.98123 0.43447 -0.075433 4.8474
141 0.98102 -0.0049776 0.19385 0.0071404 0.99992 -0.01046 -0.19378 0.011646 0.98098 0.43712 -0.07562 4.8616
142 0.98096 -0.0046603 0.19415 0.0069869 0.99991 -0.0113 -0.19408 0.012442 0.98091 0.44041 -0.07588 4.8773
143 0.98072 -0.0047666 0.19534 0.0071348 0.99991 -0.011422 -0.19527 0.012596 0.98067 0.443 -0.076241 4.8913
144 0.98061 -0.00444 0.19594 0.0067691 0.99991 -0.011219 -0.19587 0.012328 0.98055 0.44589 -0.076595 4.9051
145 0.98044 -0.0041088 0.19676 0.0063633 0.99992 -0.010828 -0.1967 0.011868 0.98039 0.44863 -0.076952 4.9193
146 0.98031 -0.0047294 0.19739 0.0069625 0.99992 -0.010621 -0.19732 0.011786 0.98027 0.45144 -0.077332 4.9337
147 0.98024 -0.0059104 0.19773 0.0082261 0.99991 -0.010892 -0.19765 0.012303 0.9802 0.45431 -0.077623 4.9476
148 0.98013 -0.0065637 0.19827 0.0088572 0.9999 -0.010684 -0.19818 0.012227 0.98009 0.4573 -0.078095 4.962
149 0.98004 -0.0062277 0.19872 0.0085857 0.9999 -0.011007 -0.19863 0.012493 0.97999 0.46014 -0.078356 4.9757
150 0.97989 -0.0060284 0.19946 0.0083612 0.99991 -0.010855 -0.19938 0.012305 0.97985 0.4626 -0.078807 4.9896
151 0.9798 -0.0058869 0.19987 0.0083089 0.9999 -0.011281 -0.19979 0.012714 0.97976 0.46535 -0.078969 5.0032
152 0.97969 -0.0073993 0.20037 0.0097155 0.9999 -0.010578 -0.20027 0.01231 0.97966 0.46801 -0.07945 5.0173
153 0.97971 -0.0075913 0.20028 0.0098095 0.9999 -0.010085 -0.20019 0.011845 0.97969 0.47087 -0.079756 5.0309
154 0.97967 -0.0079417 0.20047 0.010202 0.9999 -0.010245 -0.20037 0.012082 0.97965 0.47394 -0.079959 5.0451
155 0.97962 -0.0076776 0.20073 0.0099967 0.99989 -0.010542 -0.20063 0.012334 0.97959 0.47675 -0.080376 5.0587
156 0.97959 -0.0078813 0.20086 0.010291 0.99989 -0.010956 -0.20075 0.012799 0.97956 0.47935 -0.080622 5.0719
157 0.97957 -0.0078115 0.20094 0.010275 0.99988 -0.011221 -0.20083 0.013057 0.97954 0.48189 -0.081 5.0852
158 0.97972 -0.0080864 0.20022 0.010716 0.99987 -0.012053 -0.20009 0.013954 0.97968 0.48453 -0.081393 5.0985
159 0.97984 -0.0082994 0.19962 0.011121 0.99985 -0.013017 -0.19949 0.014974 0.97979 0.48727 -0.081657 5.1118
160 0.97992 -0.0078383 0.19925 0.010748 0.99985 -0.013523 -0.19911 0.015393 0.97986 0.49011 -0.081781 5.1259
161 0.97999 -0.0076569 0.19889 0.010577 0.99985 -0.013621 -0.19875 0.015452 0.97993 0.4926 -0.082217 5.1389
162 0.98008 -0.006203 0.1985 0.0092909 0.99985 -0.014629 -0.19838 0.016182 0.97999 0.49524 -0.082478 5.1523
163 0.98004 -0.0060458 0.19869 0.0093086 0.99984 -0.015491 -0.19857 0.017032 0.97994 0.49788 -0.082877 5.1656
164 0.98011 -0.0069228 0.19834 0.010296 0.99982 -0.015981 -0.19819 0.017705 0.98 0.50082 -0.083338 5.1794
165 0.98007 -0.0068893 0.19852 0.010304 0.99982 -0.016171 -0.19837 0.017894 0.97996 0.50344 -0.083404 5.1927
166 0.98008 -0.0074564 0.19846 0.010852 0.99981 -0.016029 -0.1983 0.017864 0.97998 0.50641 -0.083986 5.2071
167 0.98004 -0.0073391 0.19869 0.010797 0.99981 -0.016324 -0.19853 0.018143 0.97993 0.50904 -0.084464 5.2207
168 0.98008 -0.0073323 0.19847 0.010898 0.9998 -0.016881 -0.1983 0.018707 0.97996 0.51189 -0.084749 5.2348
169 0.98004 -0.0072275 0.19865 0.010764 0.9998 -0.016727 -0.19849 0.018531 0.97993 0.51453 -0.085131 5.2486
170 0.98005 -0.0074463 0.19861 0.010984 0.9998 -0.016719 -0.19844 0.018567 0.97994 0.51728 -0.085548 5.2626
171 0.98003 -0.0072819 0.19872 0.010847 0.9998 -0.016858 -0.19856 0.018676 0.97991 0.52022 -0.085951 5.2768
172 0.98002 -0.0074761 0.19877 0.010786 0.99982 -0.015572 -0.19862 0.017405 0.97992 0.52289 -0.086459 5.2903
173 0.98 -0.0069914 0.1989 0.010218 0.99983 -0.0152 -0.19876 0.016928 0.9799 0.52562 -0.086692 5.3044
174 0.97996 -0.0071517 0.19909 0.010279 0.99984 -0.014678 -0.19895 0.01643 0.97987 0.52846 -0.087019 5.3184
175 0.97992 -0.0072958 0.19925 0.010248 0.99985 -0.01379 -0.19912 0.015555 0.97985 0.5313 -0.087437 5.3325
176 0.97997 -0.0080026 0.19897 0.010962 0.99985 -0.013778 -0.19883 0.015683 0.97991 0.53429 -0.08788 5.3462
177 0.97987 -0.0067208 0.19951 0.0095945 0.99986 -0.013441 -0.19939 0.015084 0.9798 0.53675 -0.08822 5.3598
178 0.97985 -0.0056858 0.19966 0.0084892 0.99988 -0.013187 -0.19956 0.014616 0.97978 0.53976 -0.088635 5.3739
179 0.97965 -0.0046394 0.20068 0.0075328 0.99988 -0.013657 -0.20059 0.01489 0.97956 0.54264 -0.088821 5.3877
180 0.97937 -0.0041131 0.20204 0.0071566 0.99987 -0.014336 -0.20195 0.015486 0.97927 0.54526 -0.089074 5.4015
181 0.97915 -0.0035648 0.2031 0.0066969 0.99987 -0.014736 -0.20302 0.015789 0.97905 0.54794 -0.089508 5.4149
182 0.979 -0.0043818 0.20382 0.0076068 0.99986 -0.015042 -0.20373 0.016277 0.97889 0.55098 -0.089869 5.4285
183 0.97871 -0.0032151 0.2052 0.0068687 0.99983 -0.017095 -0.20511 0.018141 0.97857 0.55368 -0.090172 5.4419
184 0.97849 -0.0018212 0.2063 0.0058273 0.99981 -0.018813 -0.20623 0.01961 0.97831 0.55626 -0.090722 5.4551
185 0.97824 -0.001122 0.20748 0.0053652 0.99979 -0.019889 -0.20741 0.02057 0.97804 0.55892 -0.091063 5.4683
186 0.97799 -0.0010062 0.20866 0.0051261 0.9998 -0.019204 -0.2086 0.019851 0.9778 0.56168 -0.091573 5.4812
187 0.97768 -0.0019923 0.2101 0.0059119 0.99982 -0.018029 -0.21003 0.018869 0.97751 0.56442 -0.091979 5.4942
188 0.97754 -0.0032363 0.21071 0.0067915 0.99985 -0.016152 -0.21062 0.01722 0.97742 0.56714 -0.092366 5.5073
189 0.97726 -0.0050352 0.21198 0.0081508 0.99987 -0.013826 -0.21188 0.01524 0.97718 0.56988 -0.092856 5.52
190 0.97698 -0.0064054 0.21325 0.0091719 0.99989 -0.011986 -0.21315 0.013666 0.97692 0.57264 -0.093165 5.533
191 0.97677 -0.0054013 0.21421 0.0080001 0.9999 -0.011267 -0.21412 0.012719 0.97672 0.57537 -0.093427 5.5459
192 0.97668 -0.0046593 0.21464 0.0072838 0.99991 -0.011438 -0.21457 0.012735 0.97663 0.5783 -0.093641 5.5583
193 0.97647 -0.0053551 0.21557 0.008063 0.9999 -0.011684 -0.21549 0.013147 0.97642 0.58101 -0.093974 5.5706
194 0.97627 -0.0066646 0.21647 0.0093592 0.99989 -0.011425 -0.21637 0.01318 0.97622 0.58367 -0.094182 5.5824
195 0.9761 -0.008021 0.21716 0.010669 0.99988 -0.011024 -0.21705 0.013077 0.97607 0.58642 -0.094442 5.5942
196 0.97594 -0.0082581 0.21789 0.010862 0.99988 -0.010757 -0.21777 0.012865 0.97591 0.58898 -0.09474 5.6057
197 0.97569 -0.0087039 0.21898 0.011144 0.99989 -0.0099084 -0.21887 0.012108 0.97568 0.59132 -0.09499 5.6169
198 0.97551 -0.0091774 0.21976 0.011402 0.9999 -0.0088575 -0.21966 0.011146 0.97551 0.59378 -0.09539 5.6278
199 0.97534 -0.0082477 0.22057 0.010431 0.99991 -0.0087346 -0.22048 0.01082 0.97533 0.59621 -0.095603 5.6387
200 0.97521 -0.0084532 0.2211 0.010755 0.9999 -0.0092068 -0.221 0.011357 0.97521 0.5986 -0.095897 5.6488
201 0.97499 -0.0086966 0.22208 0.011143 0.99989 -0.0097669 -0.22197 0.011997 0.97498 0.60075 -0.096034 5.6593
202 0.97482 -0.0086852 0.22282 0.011139 0.99989 -0.0097594 -0.22271 0.011996 0.97481 0.60307 -0.096418 5.6695
203 0.97466 -0.008752 0.22351 0.011464 0.99988 -0.01084 -0.22339 0.013128 0.97464 0.60537 -0.096676 5.6798
204 0.97455 -0.0094918 0.22395 0.012354 0.99986 -0.011382 -0.22381 0.013859 0.97453 0.60792 -0.096831 5.6899
205 0.97436 -0.0095772 0.22479 0.012492 0.99986 -0.011547 -0.22465 0.014059 0.97434 0.61005 -0.096906 5.6995
206 0.97419 -0.0099048 0.2255 0.012739 0.99986 -0.011119 -0.22535 0.013705 0.97418 0.61233 -0.097251 5.7091
207 0.97396 -0.010438 0.22646 0.013267 0.99985 -0.010972 -0.22631 0.013691 0.97396 0.61451 -0.097459 5.7188
208 0.97382 -0.010541 0.22706 0.013293 0.99986 -0.010596 -0.22692 0.013337 0.97382 0.61701 -0.097607 5.7286
209 0.97361 -0.010001 0.22801 0.012663 0.99987 -0.010212 -0.22788 0.01283 0.97361 0.61916 -0.097837 5.738
210 0.97339 -0.0097922 0.22896 0.012468 0.99987 -0.010244 -0.22883 0.012826 0.97338 0.62118 -0.098192 5.7479
211 0.97319 -0.010261 0.22977 0.01298 0.99986 -0.010327 -0.22964 0.013033 0.97319 0.62361 -0.098247 5.7576
212 0.97294 -0.011026 0.23081 0.013833 0.99985 -0.010549 -0.23066 0.013457 0.97294 0.62579 -0.098441 5.7668
213 0.97275 -0.010884 0.23158 0.014245 0.99982 -0.012845 -0.2314 0.015794 0.97273 0.6281 -0.098705 5.7766
214 0.97246 -0.00983 0.23287 0.013725 0.99979 -0.015111 -0.23268 0.017891 0.97239 0.63018 -0.098739 5.7862
215 0.97221 -0.0090932 0.23394 0.013283 0.99978 -0.016342 -0.23374 0.018995 0.97211 0.63254 -0.098918 5.7961
216 0.97196 -0.0088396 0.23498 0.012991 0.99979 -0.016124 -0.23478 0.018724 0.97187 0.63497 -0.099341 5.8068
217 0.97178 -0.0095935 0.23571 0.013742 0.99978 -0.015963 -0.23551 0.018752 0.97169 0.63773 -0.099403 5.8178
218 0.97146 -0.010212 0.23698 0.014397 0.99977 -0.015935 -0.23676 0.018891 0.97138 0.64026 -0.099777 5.8287
219 0.97126 -0.010123 0.23782 0.014522 0.99975 -0.016753 -0.23759 0.019725 0.97117 0.64332 -0.10002 5.8408
220 0.97105 -0.0089111 0.2387 0.013407 0.99976 -0.01722 -0.23849 0.019922 0.97094 0.6462 -0.10017 5.8527
221 0.97088 -0.0081334 0.23942 0.012825 0.99975 -0.018044 -0.23921 0.020589 0.97075 0.64899 -0.10048 5.8645
222 0.97055 -0.0076531 0.24077 0.012535 0.99975 -0.018752 -0.24057 0.021218 0.9704 0.65189 -0.10083 5.8775
223 0.97036 -0.0090763 0.24149 0.013961 0.99973 -0.018526 -0.24126 0.021348 0.97023 0.65525 -0.10103 5.8903
224 0.97014 -0.0099235 0.24234 0.014756 0.99973 -0.018136 -0.2421 0.02117 0.97002 0.65842 -0.1014 5.9033
225 0.96998 -0.010876 0.24295 0.015802 0.99971 -0.018336 -0.24268 0.021625 0.96987 0.66178 -0.10174 5.9167
226 0.96992 -0.011247 0.24317 0.016088 0.99971 -0.017932 -0.2429 0.021305 0.96982 0.66547 -0.10214 5.9309
227 0.9699 -0.011131 0.24324 0.015773 0.99973 -0.017144 -0.24298 0.020465 0.96981 0.6691 -0.10262 5.9449
228 0.9698 -0.0094137 0.2437 0.014081 0.99975 -0.017416 -0.24348 0.020321 0.96969 0.67262 -0.10279 5.9605
229 0.9697 -0.010017 0.24411 0.014673 0.99974 -0.017262 -0.24387 0.02032 0.96959 0.67622 -0.10313 5.9748
230 0.96967 -0.011457 0.24414 0.01621 0.99972 -0.017468 -0.24387 0.020895 0.96958 0.67983 -0.10333 5.9889
231 0.96964 -0.011753 0.24425 0.016479 0.99971 -0.017313 -0.24398 0.020812 0.96956 0.68357 -0.10391 6.0041
232 0.96944 -0.010953 0.24509 0.015681 0.99973 -0.017348 -0.24483 0.020661 0.96934 0.68712 -0.10416 6.0187
233 0.96936 -0.010604 0.24543 0.015132 0.99975 -0.01657 -0.24519 0.019776 0.96927 0.69034 -0.10502 6.0338
234 0.96927 -0.011253 0.24574 0.015741 0.99974 -0.016308 -0.24549 0.019675 0.9692 0.69412 -0.10536 6.0485
235 0.96922 -0.011655 0.24591 0.016182 0.99973 -0.016399 -0.24565 0.019873 0.96915 0.69787 -0.10584 6.0642
236 0.9692 -0.011329 0.24602 0.015972 0.99973 -0.016883 -0.24576 0.020293 0.96912 0.70167 -0.10625 6.0791
237 0.96924 -0.010403 0.24591 0.015154 0.99973 -0.017434 -0.24566 0.020624 0.96914 0.70592 -0.10637 6.0955
238 0.96914 -0.010272 0.24628 0.015059 0.99973 -0.017565 -0.24603 0.020731 0.96904 0.70975 -0.10679 6.111
239 0.96906 -0.010321 0.24663 0.015425 0.9997 -0.018774 -0.24636 0.021997 0.96893 0.71367 -0.10713 6.127
240 0.96881 -0.010142 0.24759 0.015575 0.99968 -0.019995 -0.24731 0.023228 0.96866 0.7178 -0.10738 6.1434
241 0.96859 -0.0092691 0.24849 0.014764 0.99969 -0.020259 -0.24822 0.023291 0.96842 0.72182 -0.10791 6.1597
242 0.96839 -0.0083857 0.24931 0.014176 0.99967 -0.02144 -0.24905 0.024297 0.96819 0.72608 -0.10788 6.1764
243 0.96819 -0.0086424 0.25006 0.014597 0.99965 -0.021966 -0.24979 0.024918 0.96798 0.73044 -0.10833 6.1936
244 0.96808 -0.0093111 0.25047 0.015265 0.99965 -0.021837 -0.25018 0.024963 0.96788 0.73534 -0.10884 6.2116
245 0.96774 -0.0092537 0.25177 0.014876 0.99968 -0.020438 -0.2515 0.023524 0.96757 0.73962 -0.10955 6.2292
246 0.9678 -0.0091562 0.25157 0.014483 0.99971 -0.019332 -0.25132 0.022353 0.96765 0.74492 -0.10998 6.2482
247 0.9674 -0.0096932 0.25305 0.014526 0.99975 -0.017239 -0.25282 0.020353 0.9673 0.74918 -0.11038 6.2661
248 0.96735 -0.011728 0.25317 0.016042 0.99976 -0.014986 -0.25293 0.018558 0.96731 0.75429 -0.11093 6.2843
249 0.96704 -0.012572 0.25432 0.016465 0.99978 -0.013184 -0.2541 0.016937 0.96703 0.75903 -0.11153 6.3021
250 0.96686 -0.012715 0.25499 0.016469 0.99979 -0.012593 -0.25478 0.016375 0.96686 0.76372 -0.11215 6.3209
251 0.96657 -0.012476 0.25612 0.016249 0.99979 -0.01262 -0.25591 0.01636 0.96656 0.76831 -0.1125 6.3391
252 0.96631 -0.012871 0.25704 0.016821 0.99977 -0.013175 -0.25681 0.017056 0.96631 0.77281 -0.11292 6.357
253 0.96619 -0.012197 0.25754 0.016125 0.99978 -0.013145 -0.25733 0.016854 0.96618 0.77786 -0.11338 6.3741
254 0.96579 -0.011508 0.25907 0.015453 0.99979 -0.013195 -0.25887 0.016747 0.96577 0.78225 -0.11374 6.3918
255 0.96573 -0.010981 0.25932 0.015024 0.99979 -0.013613 -0.25912 0.017043 0.9657 0.78737 -0.11407 6.4098
256 0.96551 -0.011933 0.26008 0.015881 0.99979 -0.013085 -0.25987 0.016764 0.9655 0.79213 -0.11461 6.4272
257 0.96521 -0.012226 0.26118 0.016 0.9998 -0.012328 -0.26098 0.016078 0.96521 0.79652 -0.11523 6.4447
258 0.9649 -0.012778 0.26231 0.016359 0.9998 -0.011475 -0.26211 0.015363 0.96492 0.8012 -0.1155 6.4621
259 0.96483 -0.012035 0.26259 0.015446 0.99982 -0.010928 -0.26241 0.014599 0.96485 0.80597 -0.11608 6.4788
260 0.96458 -0.013045 0.26347 0.01638 0.99981 -0.010467 -0.26328 0.014412 0.96461 0.81065 -0.11644 6.4959
261 0.96438 -0.015338 0.26409 0.01837 0.99979 -0.0090131 -0.2639 0.013543 0.96446 0.81526 -0.1169 6.5125
262 0.96424 -0.016562 0.2645 0.019712 0.99976 -0.0092602 -0.26428 0.014143 0.96434 0.8201 -0.11714 6.5296
263 0.96411 -0.01677 0.26498 0.019998 0.99975 -0.0094889 -0.26476 0.014448 0.96421 0.82446 -0.11784 6.5465
264 0.96396 -0.01584 0.26558 0.019264 0.99976 -0.01029 -0.26536 0.015035 0.96403 0.82893 -0.11826 6.5637
265 0.96401 -0.015089 0.26543 0.018967 0.99975 -0.012053 -0.26518 0.016654 0.96405 0.8337 -0.11849 6.5802
266 0.96399 -0.015755 0.26548 0.020046 0.99971 -0.013463 -0.26519 0.0183 0.96402 0.83826 -0.1189 6.5966
267 0.96381 -0.016582 0.26607 0.020916 0.99969 -0.01346 -0.26576 0.018538 0.96386 0.84273 -0.11942 6.6136
268 0.96373 -0.016206 0.26637 0.020268 0.99972 -0.012509 -0.26609 0.017455 0.96379 0.84711 -0.11983 6.6295
269 0.96366 -0.017015 0.26657 0.020482 0.99974 -0.010229 -0.26633 0.015317 0.96376 0.85142 -0.12034 6.6453
270 0.96371 -0.017114 0.26639 0.020251 0.99975 -0.0090325 -0.26617 0.014099 0.96382 0.85581 -0.12061 6.6606
271 0.96359 -0.015932 0.26691 0.019156 0.99977 -0.0094797 -0.26669 0.014247 0.96368 0.85973 -0.12083 6.6761
272 0.96365 -0.016004 0.26668 0.019112 0.99978 -0.0090624 -0.26648 0.01383 0.96374 0.86359 -0.1213 6.6899
273 0.96386 -0.015161 0.26597 0.018084 0.9998 -0.0085434 -0.26579 0.013044 0.96394 0.8671 -0.12149 6.7032
274 0.9642 -0.014804 0.26475 0.017673 0.99981 -0.0084572 -0.26458 0.012833 0.96428 0.87079 -0.12176 6.7162
275 0.96442 -0.014668 0.26398 0.017437 0.99981 -0.0081483 -0.26381 0.012461 0.9645 0.87384 -0.12196 6.7287
276 0.96468 -0.015636 0.26298 0.017949 0.99982 -0.0063965 -0.26283 0.010891 0.96478 0.87703 -0.12235 6.74
277 0.96495 -0.015876 0.26195 0.017992 0.99982 -0.0056822 -0.26182 0.010196 0.96506 0.88017 -0.12259 6.7515
278 0.96519 -0.016356 0.26102 0.018557 0.99981 -0.0059688 -0.26087 0.010605 0.96531 0.88317 -0.12274 6.7622
279 0.96538 -0.015332 0.26041 0.017282 0.99984 -0.0051999 -0.26029 0.0095204 0.96548 0.88561 -0.12303 6.7724
280 0.9655 -0.015341 0.25994 0.016834 0.99985 -0.0035177 -0.25985 0.0077723 0.96562 0.88807 -0.12339 6.7818
281 0.96571 -0.016051 0.25914 0.017364 0.99985 -0.0027816 -0.25906 0.0071861 0.96584 0.89057 -0.12372 6.7911
282 0.96593 -0.016392 0.25828 0.017601 0.99984 -0.0023701 -0.25821 0.0068355 0.96607 0.89285 -0.12387 6.7996
283 0.96608 -0.016566 0.25772 0.017807 0.99984 -0.002483 -0.25764 0.0069881 0.96622 0.89495 -0.12415 6.8076
284 0.96632 -0.015357 0.25688 0.017141 0.99984 -0.0047078 -0.25676 0.0089525 0.96643 0.89695 -0.12432 6.8152
285 0.96649 -0.014628 0.25628 0.017077 0.99983 -0.0073333 -0.25613 0.011464 0.96657 0.89865 -0.12477 6.8223
286 0.9668 -0.013936 0.25514 0.016857 0.99981 -0.0092676 -0.25496 0.013261 0.96686 0.90061 -0.12497 6.8293
287 0.96693 -0.013645 0.2547 0.016717 0.99981 -0.0099034 -0.25451 0.013834 0.96697 0.90238 -0.12506 6.8367
288 0.96715 -0.014142 0.25381 0.017301 0.9998 -0.01022 -0.25361 0.014275 0.9672 0.90427 -0.12524 6.8438
289 0.96732 -0.014852 0.25312 0.018001 0.99979 -0.010127 -0.25291 0.014352 0.96738 0.90636 -0.12543 6.8511
290 0.96743 -0.015302 0.25266 0.018489 0.99978 -0.010248 -0.25244 0.014586 0.9675 0.90825 -0.1256 6.8581
291 0.96737 -0.014273 0.25297 0.017678 0.99978 -0.01119 -0.25276 0.015297 0.96741 0.90977 -0.12566 6.865
292 0.96739 -0.012814 0.25296 0.016329 0.9998 -0.0118 -0.25275 0.015546 0.96741 0.91151 -0.12572 6.872
293 0.96742 -0.01266 0.25287 0.016189 0.9998 -0.011881 -0.25267 0.015587 0.96743 0.91315 -0.12602 6.8789
294 0.96739 -0.013038 0.25295 0.016517 0.9998 -0.011633 -0.25274 0.015432 0.96741 0.91509 -0.12613 6.8857
295 0.96735 -0.013679 0.25309 0.017195 0.99978 -0.011685 -0.25288 0.015656 0.96737 0.917 -0.12637 6.893
296 0.96732 -0.013016 0.25321 0.016431 0.9998 -0.011377 -0.25301 0.015166 0.96735 0.91873 -0.12664 6.8999
297 0.96724 -0.011466 0.25362 0.014993 0.99982 -0.01198 -0.25344 0.01539 0.96723 0.92018 -0.12671 6.9062
298 0.96711 -0.010622 0.25412 0.014166 0.99983 -0.012119 -0.25395 0.01532 0.9671 0.92174 -0.12687 6.9129
299 0.96708 -0.011569 0.2542 0.01525 0.99981 -0.012516 -0.254 0.01598 0.96707 0.9234 -0.12711 6.9195
300 0.96706 -0.012317 0.25423 0.016216 0.99978 -0.013247 -0.25401 0.016934 0.96705 0.92528 -0.12723 6.9263
301 0.96696 -0.012287 0.25463 0.016129 0.99979 -0.013007 -0.25442 0.016684 0.96695 0.92716 -0.12742 6.9331
302 0.96684 -0.01142 0.25511 0.015262 0.9998 -0.013085 -0.25491 0.016545 0.96682 0.92867 -0.12757 6.9394
303 0.96676 -0.010788 0.25545 0.014596 0.99981 -0.013016 -0.25526 0.016312 0.96673 0.93034 -0.12776 6.946
304 0.96674 -0.0116 0.25548 0.015414 0.9998 -0.012933 -0.25528 0.016441 0.96673 0.93218 -0.12797 6.9526
305 0.96661 -0.011628 0.25597 0.015406 0.9998 -0.012759 -0.25577 0.016277 0.9666 0.93388 -0.12809 6.959
306 0.96656 -0.011638 0.25619 0.015377 0.9998 -0.012597 -0.25599 0.016115 0.96654 0.93551 -0.12826 6.9654
307 0.96653 -0.01172 0.25627 0.015488 0.9998 -0.012691 -0.25607 0.016235 0.96652 0.93736 -0.12834 6.9721
308 0.96645 -0.010729 0.25664 0.014475 0.99981 -0.012709 -0.25645 0.015997 0.96642 0.93886 -0.12852 6.9783
309 0.96637 -0.0096251 0.25697 0.013616 0.99981 -0.013756 -0.25679 0.016793 0.96632 0.9404 -0.12866 6.9846
310 0.96638 -0.009265 0.25696 0.013435 0.9998 -0.014479 -0.25677 0.017444 0.96631 0.94203 -0.1289 6.9908
311 0.96626 -0.0096798 0.2574 0.01389 0.9998 -0.014543 -0.25721 0.017628 0.96619 0.94361 -0.12906 6.9969
312 0.96622 -0.0096584 0.25753 0.013913 0.9998 -0.014705 -0.25733 0.017791 0.96616 0.94526 -0.12919 7.0031
313 0.96623 -0.0094541 0.25752 0.013692 0.9998 -0.014668 -0.25733 0.017699 0.96616 0.94697 -0.12943 7.0092
314 0.96619 -0.0085581 0.2577 0.012825 0.99981 -0.014881 -0.25752 0.017682 0.96611 0.94852 -0.12946 7.0152
315 0.96607 -0.0090674 0.25813 0.013358 0.9998 -0.014872 -0.25795 0.017816 0.96599 0.95016 -0.12957 7.0214
316 0.96605 -0.0094383 0.25817 0.013765 0.99979 -0.014956 -0.25798 0.018003 0.96598 0.95184 -0.12971 7.0273
317 0.96598 -0.0093601 0.25843 0.013741 0.99979 -0.015151 -0.25824 0.018187 0.96591 0.95325 -0.12992 7.0334
318 0.96601 -0.009199 0.25832 0.01368 0.99979 -0.015556 -0.25812 0.018561 0.96593 0.95497 -0.13017 7.0394
319 0.96589 -0.008713 0.25881 0.01307 0.9998 -0.015118 -0.25862 0.017985 0.96581 0.95636 -0.13026 7.0451
320 0.96585 -0.0080981 0.25897 0.012249 0.99982 -0.014419 -0.25881 0.017099 0.96578 0.95794 -0.13035 7.0509
321 0.96577 -0.0076334 0.2593 0.011349 0.99985 -0.012835 -0.25916 0.015338 0.96571 0.95925 -0.13053 7.0562
322 0.96578 -0.0076998 0.25927 0.010991 0.99988 -0.011249 -0.25915 0.013713 0.96574 0.96085 -0.13066 7.0619
323 0.96572 -0.0079846 0.25947 0.0111 0.99988 -0.010544 -0.25935 0.013063 0.96569 0.96226 -0.13074 7.0668
324 0.96572 -0.0089085 0.25942 0.01188 0.99988 -0.0098902 -0.2593 0.012633 0.96571 0.96348 -0.1309 7.0714
325 0.96557 -0.0086501 0.25998 0.011497 0.99989 -0.0094326 -0.25987 0.012097 0.96557 0.96465 -0.13087 7.0758
326 0.96555 -0.0085314 0.26009 0.011185 0.9999 -0.0087235 -0.25999 0.011332 0.96554 0.96558 -0.13119 7.0796
327 0.96555 -0.0080787 0.2601 0.010603 0.99991 -0.0083048 -0.26001 0.010777 0.96555 0.9665 -0.13125 7.0831
328 0.9655 -0.0083024 0.26026 0.010789 0.99991 -0.0081261 -0.26017 0.010654 0.9655 0.96734 -0.1313 7.0863
329 0.96551 -0.0093163 0.26021 0.011891 0.99989 -0.0083208 -0.2601 0.011128 0.96552 0.96802 -0.13144 7.0886
330 0.96551 -0.0095913 0.26018 0.012367 0.99988 -0.0090337 -0.26006 0.01194 0.96552 0.96868 -0.13144 7.0909
331 0.96548 -0.0098832 0.2603 0.012814 0.99987 -0.0095633 -0.26018 0.012569 0.96548 0.96914 -0.13151 7.0926
332 0.96541 -0.010695 0.26051 0.013711 0.99986 -0.0097639 -0.26037 0.012998 0.96542 0.96957 -0.13154 7.0943
333 0.96542 -0.011738 0.26045 0.014709 0.99985 -0.0094592 -0.2603 0.012963 0.96544 0.97008 -0.1316 7.0957
334 0.96536 -0.012467 0.26062 0.015372 0.99984 -0.0091094 -0.26047 0.0128 0.9654 0.97023 -0.13171 7.0965
335 0.96535 -0.011823 0.26067 0.014859 0.99984 -0.0096809 -0.26052 0.013219 0.96538 0.97045 -0.1315 7.0973
336 0.96537 -0.012017 0.26062 0.015028 0.99984 -0.0095625 -0.26046 0.013148 0.96539 0.97051 -0.1316 7.0975
337 0.96537 -0.012129 0.26061 0.015111 0.99984 -0.0094402 -0.26045 0.013051 0.9654 0.97053 -0.13159 7.0976
338 0.96544 -0.011702 0.26036 0.01489 0.99984 -0.010274 -0.2602 0.013795 0.96546 0.97058 -0.1316 7.0974
339 0.96544 -0.010781 0.26039 0.014493 0.99982 -0.012339 -0.26021 0.015687 0.96542 0.9705 -0.13167 7.0974
