1 0 0 0 0 0 0 0 0 0 0 0 0
2 0 0 0 0 0 0 0 0 0 1.9815e-06 -2.5984e-06 0.00022031
3 0 0 0 0 0 0 0 0 0 3.963e-06 -5.1968e-06 0.00044062
4 0 0 0 0 0 0 0 0 0 5.9444e-06 -7.7952e-06 0.00066093
5 0 0 0 0 0 0 0 0 0 7.9259e-06 -1.0394e-05 0.00088123
6 0 0 0 0 0 0 0 0 0 9.9074e-06 -1.2992e-05 0.0011015
7 0 0 0 0 0 0 0 0 0 1.1889e-05 -1.559e-05 0.0013219
8 0 0 0 0 0 0 0 0 0 1.387e-05 -1.8189e-05 0.0015422
9 0 0 0 0 0 0 0 0 0 1.5852e-05 -2.0787e-05 0.0017625
10 0 0 0 0 0 0 0 0 0 1.7833e-05 -2.3386e-05 0.0019828
11 0 0 0 0 0 0 0 0 0 1.9815e-05 -2.5984e-05 0.0022031
12 0 0 0 0 0 0 0 0 0 2.1796e-05 -2.8583e-05 0.0024234
13 0 0 0 0 0 0 0 0 0 2.3778e-05 -3.1181e-05 0.0026437
14 0 0 0 0 0 0 0 0 0 2.5759e-05 -3.3779e-05 0.002864
15 0 0 0 0 0 0 0 0 0 2.7741e-05 -3.6378e-05 0.0030843
16 0 0 0 0 0 0 0 0 0 2.9722e-05 -3.8976e-05 0.0033046
17 0 0 0 0 0 0 0 0 0 3.1704e-05 -4.1575e-05 0.0035249
18 0 0 0 0 0 0 0 0 0 3.3685e-05 -4.4173e-05 0.0037452
19 0 0 0 0 0 0 0 0 0 3.5667e-05 -4.6771e-05 0.0039656
20 0 0 0 0 0 0 0 0 0 3.7648e-05 -4.937e-05 0.0041859
21 0 0 0 0 0 0 0 0 0 3.963e-05 -5.1968e-05 0.0044062
22 0 0 0 0 0 0 0 0 0 4.1611e-05 -5.4567e-05 0.0046265
23 0 0 0 0 0 0 0 0 0 4.3593e-05 -5.7165e-05 0.0048468
24 0 0 0 0 0 0 0 0 0 4.5574e-05 -5.9763e-05 0.0050671
25 0 0 0 0 0 0 0 0 0 4.7556e-05 -6.2362e-05 0.0052874
26 0 0 0 0 0 0 0 0 0 4.9537e-05 -6.496e-05 0.0055077
27 0 0 0 0 0 0 0 0 0 5.1519e-05 -6.7559e-05 0.005728
28 0 0 0 0 0 0 0 0 0 5.35e-05 -7.0157e-05 0.0059483
29 0 0 0 0 0 0 0 0 0 5.5481e-05 -7.2756e-05 0.0061686
30 0 0 0 0 0 0 0 0 0 5.7463e-05 -7.5354e-05 0.0063889
31 0 0 0 0 0 0 0 0 0 5.9444e-05 -7.7952e-05 0.0066093
32 0 0 0 0 0 0 0 0 0 6.1426e-05 -8.0551e-05 0.0068296
33 0 0 0 0 0 0 0 0 0 6.3407e-05 -8.3149e-05 0.0070499
34 0 0 0 0 0 0 0 0 0 6.5389e-05 -8.5748e-05 0.0072702
35 0 0 0 0 0 0 0 0 0 6.737e-05 -8.8346e-05 0.0074905
36 0 0 0 0 0 0 0 0 0 6.9352e-05 -9.0944e-05 0.0077108
37 0 0 0 0 0 0 0 0 0 7.1333e-05 -9.3543e-05 0.0079311
38 0 0 0 0 0 0 0 0 0 7.3315e-05 -9.6141e-05 0.0081514
39 0 0 0 0 0 0 0 0 0 7.5296e-05 -9.874e-05 0.0083717
40 0 0 0 0 0 0 0 0 0 7.7278e-05 -0.00010134 0.008592
41 0 0 0 0 0 0 0 0 0 7.9259e-05 -0.00010394 0.0088123
42 0 0 0 0 0 0 0 0 0 8.1241e-05 -0.00010653 0.0090326
43 0 0 0 0 0 0 0 0 0 8.3222e-05 -0.00010913 0.009253
44 0 0 0 0 0 0 0 0 0 8.5204e-05 -0.00011173 0.0094733
45 0 0 0 0 0 0 0 0 0 8.7185e-05 -0.00011433 0.0096936
46 0 0 0 0 0 0 0 0 0 8.9167e-05 -0.00011693 0.0099139
47 0 0 0 0 0 0 0 0 0 9.1148e-05 -0.00011953 0.010134
48 0 0 0 0 0 0 0 0 0 9.313e-05 -0.00012213 0.010354
49 0 0 0 0 0 0 0 0 0 9.5111e-05 -0.00012472 0.010575
50 0 0 0 0 0 0 0 0 0 9.7093e-05 -0.00012732 0.010795
51 0 0 0 0 0 0 0 0 0 9.9074e-05 -0.00012992 0.011015
52 0 0 0 0 0 0 0 0 0 0.00010106 -0.00013252 0.011236
53 0 0 0 0 0 0 0 0 0 0.00010304 -0.00013512 0.011456
54 0 0 0 0 0 0 0 0 0 0.00010502 -0.00013772 0.011676
55 0 0 0 0 0 0 0 0 0 0.000107 -0.00014031 0.011897
56 0 0 0 0 0 0 0 0 0 0.00010898 -0.00014291 0.012117
57 0 0 0 0 0 0 0 0 0 0.00011096 -0.00014551 0.012337
58 0 0 0 0 0 0 0 0 0 0.00011294 -0.00014811 0.012558
59 0 0 0 0 0 0 0 0 0 0.00011493 -0.00015071 0.012778
60 0 0 0 0 0 0 0 0 0 0.00011691 -0.00015331 0.012998
61 0 0 0 0 0 0 0 0 0 0.00011889 -0.0001559 0.013219
62 0 0 0 0 0 0 0 0 0 0.00012087 -0.0001585 0.013439
63 0 0 0 0 0 0 0 0 0 0.00012285 -0.0001611 0.013659
64 0 0 0 0 0 0 0 0 0 0.00012483 -0.0001637 0.013879
65 0 0 0 0 0 0 0 0 0 0.00012681 -0.0001663 0.0141
66 0 0 0 0 0 0 0 0 0 0.0001288 -0.0001689 0.01432
67 0 0 0 0 0 0 0 0 0 0.00013078 -0.0001715 0.01454
68 0 0 0 0 0 0 0 0 0 0.00013276 -0.00017409 0.014761
69 0 0 0 0 0 0 0 0 0 0.00013474 -0.00017669 0.014981
70 0 0 0 0 0 0 0 0 0 0.00013672 -0.00017929 0.015201
71 0 0 0 0 0 0 0 0 0 0.0001387 -0.00018189 0.015422
72 0 0 0 0 0 0 0 0 0 0.00014069 -0.00018449 0.015642
73 0 0 0 0 0 0 0 0 0 0.00014267 -0.00018709 0.015862
74 0 0 0 0 0 0 0 0 0 0.00014465 -0.00018968 0.016083
75 0 0 0 0 0 0 0 0 0 0.00014663 -0.00019228 0.016303
76 0 0 0 0 0 0 0 0 0 0.00014861 -0.00019488 0.016523
77 0 0 0 0 0 0 0 0 0 0.00015059 -0.00019748 0.016743
78 0 0 0 0 0 0 0 0 0 0.00015257 -0.00020008 0.016964
79 0 0 0 0 0 0 0 0 0 0.00015456 -0.00020268 0.017184
80 0 0 0 0 0 0 0 0 0 0.00015654 -0.00020527 0.017404
81 0 0 0 0 0 0 0 0 0 0.00015852 -0.00020787 0.017625
82 0 0 0 0 0 0 0 0 0 0.0001605 -0.00021047 0.017845
83 0 0 0 0 0 0 0 0 0 0.00016248 -0.00021307 0.018065
84 0 0 0 0 0 0 0 0 0 0.00016446 -0.00021567 0.018286
85 0 0 0 0 0 0 0 0 0 0.00016644 -0.00021827 0.018506
86 0 0 0 0 0 0 0 0 0 0.00016843 -0.00022087 0.018726
87 0 0 0 0 0 0 0 0 0 0.00017041 -0.00022346 0.018947
88 0 0 0 0 0 0 0 0 0 0.00017239 -0.00022606 0.019167
89 0 0 0 0 0 0 0 0 0 0.00017437 -0.00022866 0.019387
90 0 0 0 0 0 0 0 0 0 0.00017635 -0.00023126 0.019607
91 0 0 0 0 0 0 0 0 0 0.00017833 -0.00023386 0.019828
92 0 0 0 0 0 0 0 0 0 0.00018031 -0.00023646 0.020048
93 0 0 0 0 0 0 0 0 0 0.0001823 -0.00023905 0.020268
94 0 0 0 0 0 0 0 0 0 0.00018428 -0.00024165 0.020489
95 0 0 0 0 0 0 0 0 0 0.00018626 -0.00024425 0.020709
96 0 0 0 0 0 0 0 0 0 0.00018824 -0.00024685 0.020929
97 0 0 0 0 0 0 0 0 0 0.00019022 -0.00024945 0.02115
98 0 0 0 0 0 0 0 0 0 0.0001922 -0.00025205 0.02137
99 0 0 0 0 0 0 0 0 0 0.00019419 -0.00025464 0.02159
100 0 0 0 0 0 0 0 0 0 0.00019617 -0.00025724 0.021811
101 0 0 0 0 0 0 0 0 0 0.00019815 -0.00025984 0.022031
102 0 0 0 0 0 0 0 0 0 0.00020013 -0.00026244 0.022251
103 0 0 0 0 0 0 0 0 0 0.00020211 -0.00026504 0.022471
104 0 0 0 0 0 0 0 0 0 0.00020409 -0.00026764 0.022692
105 0 0 0 0 0 0 0 0 0 0.00020607 -0.00027023 0.022912
106 0 0 0 0 0 0 0 0 0 0.00020806 -0.00027283 0.023132
107 0 0 0 0 0 0 0 0 0 0.00021004 -0.00027543 0.023353
108 0 0 0 0 0 0 0 0 0 0.00021202 -0.00027803 0.023573
109 0 0 0 0 0 0 0 0 0 0.000214 -0.00028063 0.023793
110 0 0 0 0 0 0 0 0 0 0.00021598 -0.00028323 0.024014
111 0 0 0 0 0 0 0 0 0 0.00021796 -0.00028583 0.024234
112 0 0 0 0 0 0 0 0 0 0.00021994 -0.00028842 0.024454
113 0 0 0 0 0 0 0 0 0 0.00022193 -0.00029102 0.024675
114 0 0 0 0 0 0 0 0 0 0.00022391 -0.00029362 0.024895
115 0 0 0 0 0 0 0 0 0 0.00022589 -0.00029622 0.025115
116 0 0 0 0 0 0 0 0 0 0.00022787 -0.00029882 0.025335
117 0 0 0 0 0 0 0 0 0 0.00022985 -0.00030142 0.025556
118 0 0 0 0 0 0 0 0 0 0.00023183 -0.00030401 0.025776
119 0 0 0 0 0 0 0 0 0 0.00023381 -0.00030661 0.025996
120 0 0 0 0 0 0 0 0 0 0.0002358 -0.00030921 0.026217
121 0 0 0 0 0 0 0 0 0 0.00023778 -0.00031181 0.026437
122 0 0 0 0 0 0 0 0 0 0.00023976 -0.00031441 0.026657
123 0 0 0 0 0 0 0 0 0 0.00024174 -0.00031701 0.026878
124 0 0 0 0 0 0 0 0 0 0.00024372 -0.0003196 0.027098
125 0 0 0 0 0 0 0 0 0 0.0002457 -0.0003222 0.027318
126 0 0 0 0 0 0 0 0 0 0.00024769 -0.0003248 0.027539
127 0 0 0 0 0 0 0 0 0 0.00024967 -0.0003274 0.027759
128 0 0 0 0 0 0 0 0 0 0.00025165 -0.00033 0.027979
129 0 0 0 0 0 0 0 0 0 0.00025363 -0.0003326 0.028199
130 0 0 0 0 0 0 0 0 0 0.00025561 -0.0003352 0.02842
131 0 0 0 0 0 0 0 0 0 0.00025759 -0.00033779 0.02864
132 0 0 0 0 0 0 0 0 0 0.00025957 -0.00034039 0.02886
133 0 0 0 0 0 0 0 0 0 0.00026156 -0.00034299 0.029081
134 0 0 0 0 0 0 0 0 0 0.00026354 -0.00034559 0.029301
135 0 0 0 0 0 0 0 0 0 0.00026552 -0.00034819 0.029521
136 0 0 0 0 0 0 0 0 0 0.0002675 -0.00035079 0.029742
137 0 0 0 0 0 0 0 0 0 0.00026948 -0.00035338 0.029962
138 0 0 0 0 0 0 0 0 0 0.00027146 -0.00035598 0.030182
139 0 0 0 0 0 0 0 0 0 0.00027344 -0.00035858 0.030403
140 0 0 0 0 0 0 0 0 0 0.00027543 -0.00036118 0.030623
141 0 0 0 0 0 0 0 0 0 0.00027741 -0.00036378 0.030843
142 0 0 0 0 0 0 0 0 0 0.00027939 -0.00036638 0.031063
143 0 0 0 0 0 0 0 0 0 0.00028137 -0.00036897 0.031284
144 0 0 0 0 0 0 0 0 0 0.00028335 -0.00037157 0.031504
145 0 0 0 0 0 0 0 0 0 0.00028533 -0.00037417 0.031724
146 0 0 0 0 0 0 0 0 0 0.00028731 -0.00037677 0.031945
147 0 0 0 0 0 0 0 0 0 0.0002893 -0.00037937 0.032165
148 0 0 0 0 0 0 0 0 0 0.00029128 -0.00038197 0.032385
149 0 0 0 0 0 0 0 0 0 0.00029326 -0.00038457 0.032606
150 0 0 0 0 0 0 0 0 0 0.00029524 -0.00038716 0.032826
151 0 0 0 0 0 0 0 0 0 0.00029722 -0.00038976 0.033046
152 0 0 0 0 0 0 0 0 0 0.0002992 -0.00039236 0.033267
153 0 0 0 0 0 0 0 0 0 0.00030119 -0.00039496 0.033487
154 0 0 0 0 0 0 0 0 0 0.00030317 -0.00039756 0.033707
155 0 0 0 0 0 0 0 0 0 0.00030515 -0.00040016 0.033928
156 0 0 0 0 0 0 0 0 0 0.00030713 -0.00040275 0.034148
157 0 0 0 0 0 0 0 0 0 0.00030911 -0.00040535 0.034368
158 0 0 0 0 0 0 0 0 0 0.00031109 -0.00040795 0.034588
159 0 0 0 0 0 0 0 0 0 0.00031307 -0.00041055 0.034809
160 0 0 0 0 0 0 0 0 0 0.00031506 -0.00041315 0.035029
161 0 0 0 0 0 0 0 0 0 0.00031704 -0.00041575 0.035249
162 0 0 0 0 0 0 0 0 0 0.00031902 -0.00041834 0.03547
163 0 0 0 0 0 0 0 0 0 0.000321 -0.00042094 0.03569
164 0 0 0 0 0 0 0 0 0 0.00032298 -0.00042354 0.03591
165 0 0 0 0 0 0 0 0 0 0.00032496 -0.00042614 0.036131
166 0 0 0 0 0 0 0 0 0 0.00032694 -0.00042874 0.036351
167 0 0 0 0 0 0 0 0 0 0.00032893 -0.00043134 0.036571
168 0 0 0 0 0 0 0 0 0 0.00033091 -0.00043393 0.036792
169 0 0 0 0 0 0 0 0 0 0.00033289 -0.00043653 0.037012
170 0 0 0 0 0 0 0 0 0 0.00033487 -0.00043913 0.037232
171 0 0 0 0 0 0 0 0 0 0.00033685 -0.00044173 0.037452
172 0 0 0 0 0 0 0 0 0 0.00033883 -0.00044433 0.037673
173 0 0 0 0 0 0 0 0 0 0.00034081 -0.00044693 0.037893
174 0 0 0 0 0 0 0 0 0 0.0003428 -0.00044953 0.038113
175 0 0 0 0 0 0 0 0 0 0.00034478 -0.00045212 0.038334
176 0 0 0 0 0 0 0 0 0 0.00034676 -0.00045472 0.038554
177 0 0 0 0 0 0 0 0 0 0.00034874 -0.00045732 0.038774
178 0 0 0 0 0 0 0 0 0 0.00035072 -0.00045992 0.038995
179 0 0 0 0 0 0 0 0 0 0.0003527 -0.00046252 0.039215
180 0 0 0 0 0 0 0 0 0 0.00035469 -0.00046512 0.039435
181 0 0 0 0 0 0 0 0 0 0.00035667 -0.00046771 0.039656
182 0 0 0 0 0 0 0 0 0 0.00035865 -0.00047031 0.039876
183 0 0 0 0 0 0 0 0 0 0.00036063 -0.00047291 0.040096
184 0 0 0 0 0 0 0 0 0 0.00036261 -0.00047551 0.040316
185 0 0 0 0 0 0 0 0 0 0.00036459 -0.00047811 0.040537
186 0 0 0 0 0 0 0 0 0 0.00036657 -0.00048071 0.040757
187 0 0 0 0 0 0 0 0 0 0.00036856 -0.0004833 0.040977
188 0 0 0 0 0 0 0 0 0 0.00037054 -0.0004859 0.041198
189 0 0 0 0 0 0 0 0 0 0.00037252 -0.0004885 0.041418
190 1 0.0005189 0.0006613 -0.0005133 0.99997 -0.0083519 -0.0006656 0.0083515 0.99996 0.0003745 -0.0004911 0.041638
191 1 0.0007985 0.0029059 -0.0007718 0.99996 -0.0091525 -0.0029131 0.0091502 0.99995 -0.0011596 -0.0004632 0.051029
192 0.99998 0.0010659 0.0066061 -0.0010046 0.99996 -0.0092778 -0.0066157 0.0092709 0.99994 -0.0034775 -0.0004639 0.061787
193 0.99998 0.0006513 0.005903 -0.0005964 0.99996 -0.0092856 -0.0059087 0.0092819 0.99994 -0.0003814 -0.0001948 0.075708
194 0.99997 0.000382 0.0081376 -0.0003014 0.99995 -0.0099092 -0.0081409 0.0099064 0.99992 -0.0002459 7e-07 0.090445
195 0.99994 0.0002847 0.010661 -0.0001643 0.99994 -0.011296 -0.010663 0.011294 0.99988 0.0002052 0.000224 0.10708
196 0.9999 -0.0004517 0.014125 0.0006195 0.99993 -0.011873 -0.014119 0.011881 0.99983 -1.28e-05 -8.73e-05 0.12569
197 0.99984 -0.00112 0.017702 0.0013506 0.99991 -0.013021 -0.017686 0.013042 0.99976 -0.0002052 -9.51e-05 0.146
198 0.99979 -0.0009427 0.020282 0.0012385 0.99989 -0.014577 -0.020266 0.014599 0.99969 0.0004672 5.77e-05 0.16706
199 0.99973 -0.000358 0.023138 0.0007463 0.99986 -0.016773 -0.023129 0.016786 0.99959 0.0012661 0.000527 0.18974
200 0.99965 0.0001776 0.026493 0.0002801 0.99985 -0.017271 -0.026492 0.017272 0.9995 0.0018258 0.0002581 0.21476
201 0.99956 -0.0002019 0.029732 0.0007302 0.99984 -0.017761 -0.029724 0.017775 0.9994 0.0028408 0.0003522 0.24153
202 0.99945 -0.0009872 0.033176 0.0015753 0.99984 -0.017705 -0.033153 0.017748 0.99929 0.0041225 0.0003368 0.27037
203 0.99935 -0.0017855 0.036021 0.0023686 0.99987 -0.016149 -0.035987 0.016224 0.99922 0.0062103 0.0001009 0.30192
204 0.99926 -0.0011268 0.038473 0.001687 0.99989 -0.014531 -0.038453 0.014585 0.99915 0.00784 -0.0001853 0.3343
205 0.99918 -0.0017349 0.040425 0.0022856 0.99991 -0.013582 -0.040398 0.013663 0.99909 0.0097421 -0.0003982 0.36954
206 0.99912 -0.0042609 0.041754 0.0047329 0.99993 -0.011213 -0.041704 0.0114 0.99906 0.011752 -0.0007834 0.40626
207 0.99909 -0.005741 0.042353 0.0061554 0.99993 -0.0096596 -0.042295 0.0099115 0.99906 0.013408 -0.0008293 0.4447
208 0.99909 -0.0065495 0.042204 0.0069359 0.99994 -0.0090153 -0.042142 0.0092998 0.99907 0.014748 -0.0006291 0.485
209 0.99916 -0.0067439 0.04049 0.0070776 0.99994 -0.008105 -0.040433 0.0083847 0.99915 0.016267 -0.0004683 0.5237
210 0.99926 -0.0074611 0.037837 0.0077448 0.99994 -0.0073562 -0.03778 0.0076437 0.99926 0.017436 -0.0005651 0.56618
211 0.99939 -0.0088738 0.033718 0.0091388 0.99993 -0.007714 -0.033648 0.0080175 0.9994 0.018882 -0.0004647 0.60749
212 0.99956 -0.010088 0.028016 0.010311 0.99992 -0.0078346 -0.027935 0.00812 0.99958 0.019581 -0.0002211 0.65097
213 0.99972 -0.012045 0.020255 0.012199 0.9999 -0.0075211 -0.020163 0.0077661 0.99977 0.020257 -0.0001495 0.69536
214 0.99986 -0.014123 0.0093451 0.014199 0.99987 -0.0080976 -0.0092295 0.0082291 0.99992 0.020802 -0.0002232 0.73904
215 0.99985 -0.017137 -0.0038446 0.017101 0.99981 -0.0090995 0.0039999 0.0090324 0.99995 0.020088 -0.0002724 0.78442
216 0.99961 -0.02041 -0.019123 0.020237 0.99975 -0.0092235 0.019306 0.0088329 0.99977 0.01817 -0.0005698 0.82925
217 0.99905 -0.021441 -0.037809 0.021152 0.99974 -0.0080435 0.037972 0.0072362 0.99925 0.015596 -0.0007485 0.87825
218 0.99802 -0.021936 -0.058999 0.021543 0.99974 -0.007291 0.059144 0.0060055 0.99823 0.012113 -0.0003384 0.92504
219 0.99632 -0.022531 -0.082704 0.022045 0.99973 -0.0067867 0.082835 0.0049385 0.99655 0.0067404 -0.0002235 0.97458
220 0.99368 -0.025419 -0.10931 0.024965 0.99967 -0.0055248 0.10941 0.0027611 0.99399 0.000976 -0.0002015 1.0249
221 0.99 -0.024801 -0.13884 0.024532 0.99969 -0.0036519 0.13888 0.0002095 0.99031 -0.0071114 -9.68e-05 1.0766
222 0.98517 -0.025489 -0.16965 0.025394 0.99967 -0.0027294 0.16967 -0.0016192 0.9855 -0.01771 -7.43e-05 1.1278
223 0.97895 -0.024478 -0.20265 0.024533 0.9997 -0.0022392 0.20264 -0.0027795 0.97925 -0.030237 0.0002508 1.1804
224 0.97123 -0.02288 -0.23703 0.023373 0.99973 -0.0007305 0.23698 -0.0048305 0.9715 -0.045538 0.0002977 1.2337
225 0.96221 -0.019911 -0.27159 0.02056 0.99979 -0.0004545 0.27154 -0.0051467 0.96241 -0.062481 0.0009348 1.2876
226 0.95178 -0.018197 -0.30623 0.018847 0.99982 -0.0008363 0.30619 -0.0049755 0.95196 -0.081716 0.0012655 1.3381
227 0.9394 -0.019598 -0.34226 0.019992 0.9998 -0.0023762 0.34223 -0.0046103 0.9396 -0.10265 0.0009256 1.3909
228 0.92564 -0.019139 -0.37792 0.01934 0.99981 -0.0032646 0.37791 -0.004287 0.92583 -0.12616 0.0012211 1.4389
229 0.90961 -0.017374 -0.41509 0.016799 0.99985 -0.0050361 0.41511 -0.0023922 0.90977 -0.15227 0.0014319 1.4906
230 0.89194 -0.019248 -0.45175 0.019212 0.9998 -0.0046671 0.45176 -0.0045162 0.89213 -0.18006 0.0019168 1.5423
231 0.87275 -0.021144 -0.48772 0.022675 0.99974 -0.0027652 0.48765 -0.0086457 0.873 -0.21045 0.0015 1.5922
232 0.85176 -0.020886 -0.52352 0.023973 0.99971 -0.0008804 0.52338 -0.0118 0.85202 -0.24323 0.001764 1.6429
233 0.8294 -0.021056 -0.55827 0.025861 0.99967 0.0007177 0.55806 -0.015033 0.82966 -0.27884 0.0022811 1.6919
234 0.80474 -0.02169 -0.59323 0.027767 0.99961 0.0011176 0.59298 -0.017372 0.80503 -0.31453 0.0018539 1.739
235 0.7785 -0.020695 -0.6273 0.027574 0.99962 0.0012431 0.62704 -0.018265 0.77878 -0.35537 0.0022645 1.7861
236 0.75122 -0.018719 -0.65978 0.02634 0.99965 0.0016287 0.65952 -0.018602 0.75145 -0.3973 0.0024136 1.8309
237 0.72229 -0.017254 -0.69137 0.026269 0.99965 0.0024968 0.69109 -0.019965 0.72249 -0.44261 0.0033252 1.8757
238 0.69227 -0.014572 -0.72149 0.024733 0.99969 0.0035407 0.72121 -0.020295 0.69242 -0.49125 0.0037135 1.9156
239 0.6615 -0.011772 -0.74985 0.023914 0.9997 0.0054028 0.74956 -0.021506 0.66158 -0.54217 0.0040828 1.9578
240 0.62915 -0.00929 -0.77723 0.023048 0.99971 0.0067075 0.77694 -0.022134 0.62918 -0.59622 0.0047501 1.9993
241 0.59574 -0.0083262 -0.80313 0.023137 0.99971 0.0067981 0.80284 -0.022632 0.59576 -0.65199 0.0051432 2.0386
242 0.56187 -0.011732 -0.82714 0.027668 0.99961 0.0046171 0.82676 -0.025479 0.56198 -0.71066 0.0061706 2.0777
243 0.52739 -0.012914 -0.84952 0.025931 0.99966 0.0009011 0.84923 -0.022504 0.52755 -0.77114 0.0066195 2.1141
244 0.49308 -0.014214 -0.86987 0.022726 0.99974 -0.0034536 0.86969 -0.018066 0.49327 -0.83417 0.0072275 2.1483
245 0.45893 -0.018387 -0.88828 0.026286 0.99963 -0.0071111 0.88808 -0.020086 0.45924 -0.9004 0.0077327 2.1816
246 0.42501 -0.017244 -0.90503 0.024344 0.99967 -0.0076159 0.90486 -0.018795 0.42529 -0.96922 0.0072965 2.2128
247 0.39274 -0.016841 -0.91949 0.026191 0.99963 -0.0071222 0.91927 -0.021285 0.39304 -1.0401 0.007557 2.2433
248 0.3609 -0.018196 -0.93243 0.026541 0.99961 -0.0092339 0.93223 -0.021415 0.36124 -1.1147 0.0074145 2.2711
249 0.33053 -0.020215 -0.94358 0.025316 0.9996 -0.012547 0.94346 -0.01974 0.33091 -1.19 0.0072552 2.2955
250 0.30018 -0.024177 -0.95358 0.028157 0.99947 -0.016477 0.95347 -0.021904 0.3007 -1.2659 0.0069293 2.3201
251 0.27264 -0.023318 -0.96183 0.023824 0.99956 -0.017479 0.96182 -0.018149 0.27308 -1.342 0.0059643 2.3402
252 0.24826 -0.022563 -0.96843 0.020644 0.99962 -0.017997 0.96847 -0.015524 0.24864 -1.4215 0.0048336 2.3595
253 0.22753 -0.02257 -0.97351 0.01737 0.99967 -0.019117 0.97362 -0.01256 0.22785 -1.5011 0.0041777 2.3764
254 0.211 -0.021197 -0.97726 0.013301 0.99973 -0.018813 0.9774 -0.009029 0.21123 -1.5806 0.0030351 2.3926
255 0.19775 -0.020404 -0.98004 0.011047 0.99977 -0.018586 0.98019 -0.0071506 0.19793 -1.6604 0.0020168 2.408
256 0.18735 -0.019118 -0.98211 0.0075512 0.99981 -0.018022 0.98226 -0.0040397 0.18746 -1.741 0.0003192 2.4224
257 0.18012 -0.019469 -0.98345 0.0053487 0.99981 -0.018814 0.98363 -0.0018715 0.18019 -1.824 -0.0007962 2.4363
258 0.17622 -0.020148 -0.98414 0.0043916 0.9998 -0.019682 0.98434 -0.0008536 0.17627 -1.906 -0.0021206 2.4505
259 0.17474 -0.022276 -0.98436 0.0019813 0.99975 -0.022273 0.98461 0.0019416 0.17474 -1.9909 -0.0035909 2.4639
260 0.17462 -0.021716 -0.9844 3.7e-06 0.99976 -0.022054 0.98464 0.0038474 0.17458 -2.0754 -0.0057372 2.4784
261 0.17528 -0.019643 -0.98432 -0.0008738 0.9998 -0.020107 0.98452 0.0043845 0.17523 -2.1618 -0.0066299 2.4929
262 0.17653 -0.015977 -0.98417 0.0009594 0.99987 -0.016059 0.9843 0.0018906 0.17652 -2.2476 -0.0080403 2.5083
263 0.17803 -0.015648 -0.9839 0.0028898 0.99988 -0.015379 0.98402 -0.0001055 0.17805 -2.3338 -0.0087441 2.5238
264 0.17947 -0.016508 -0.98363 0.0059985 0.99986 -0.015686 0.98375 -0.0030852 0.17954 -2.4222 -0.0099289 2.539
265 0.18071 -0.016012 -0.98341 0.0075481 0.99986 -0.014893 0.98351 -0.0047315 0.18081 -2.5101 -0.010259 2.5554
266 0.18162 -0.014134 -0.98327 0.0090961 0.99988 -0.012692 0.98333 -0.0066387 0.18173 -2.597 -0.011394 2.5708
267 0.18312 -0.010025 -0.98304 0.0088145 0.99992 -0.0085549 0.98305 -0.0070984 0.18319 -2.6856 -0.012294 2.5865
268 0.18429 -0.0013661 -0.98287 0.0074002 0.99997 -2.4e-06 0.98284 -0.007273 0.1843 -2.7738 -0.011889 2.6023
269 0.18565 0.0062969 -0.9826 0.010922 0.9999 0.0084715 0.98255 -0.012305 0.18557 -2.862 -0.011851 2.6189
270 0.18554 0.0035018 -0.98263 0.011303 0.99992 0.0056976 0.98257 -0.012164 0.18548 -2.9539 -0.012136 2.6365
