1 0 0 0 0 0 0 0 0 0 0 0 0
2 0.99999 -0.001764 0.0042172 0.001766 1 -0.0004782 -0.0042164 0.0004857 0.99999 0.0002215 4.57e-05 0.051498
3 0.99997 -0.0025336 0.0077378 0.0025389 1 -0.000681 -0.007736 0.0007006 0.99997 0.0006631 0.0003212 0.10257
4 0.99995 -0.0035088 0.0095148 0.003502 0.99999 0.0007221 -0.0095173 -0.0006887 0.99995 0.0025565 0.0004155 0.15327
5 0.99989 -0.001952 0.015038 0.0019325 1 0.001313 -0.015041 -0.0012838 0.99989 0.001416 0.0005521 0.20422
6 0.99982 -0.0018514 0.018637 0.00182 1 0.0017012 -0.01864 -0.001667 0.99982 0.0019774 0.0005071 0.25453
7 0.99975 -0.0025454 0.022079 0.002514 1 0.001453 -0.022083 -0.0013972 0.99976 0.0025825 0.0007296 0.30423
8 0.99968 -0.0041082 0.025055 0.0040802 0.99999 0.0011679 -0.02506 -0.0010653 0.99969 0.0038588 0.0008784 0.35345
9 0.99961 -0.0045174 0.027702 0.004468 0.99999 0.0018442 -0.02771 -0.0017197 0.99961 0.0053402 0.0006325 0.40268
10 0.99952 -0.0066956 0.030093 0.0066154 0.99997 0.0027636 -0.030111 -0.0025632 0.99954 0.0064713 0.0009663 0.45176
11 0.99945 -0.0081738 0.031989 0.0080716 0.99996 0.0033229 -0.032014 -0.0030629 0.99948 0.0082857 0.0011689 0.50129
12 0.99944 -0.0090011 0.032356 0.008877 0.99995 0.0039749 -0.03239 -0.0036854 0.99947 0.0097603 0.0013912 0.54935
13 0.99945 -0.0071616 0.032299 0.0070154 0.99996 0.0046388 -0.032331 -0.0044096 0.99947 0.011163 0.0015606 0.59798
14 0.99947 -0.005817 0.031987 0.0057184 0.99998 0.0031712 -0.032005 -0.0029866 0.99948 0.012785 0.0018216 0.64612
15 0.9995 -0.0055095 0.031279 0.0054855 0.99998 0.0008504 -0.031283 -0.0006784 0.99951 0.013961 0.0015668 0.69436
16 0.99955 -0.0054805 0.029482 0.0055629 0.99998 -0.0027103 -0.029467 0.0028731 0.99956 0.015509 0.0020284 0.74198
17 0.99957 -0.0029093 0.029162 0.0030596 0.99998 -0.0051119 -0.029146 0.0051989 0.99956 0.015842 0.0022873 0.79006
18 0.99962 0.002115 0.027401 -0.0019973 0.99999 -0.0043214 -0.02741 0.0042651 0.99962 0.016369 0.0018339 0.83956
19 0.99964 0.0016382 0.026777 -0.0015616 0.99999 -0.0028822 -0.026782 0.0028393 0.99964 0.017667 0.0020282 0.88879
20 0.99966 0.0006875 0.025997 -0.0007008 1 0.0005046 -0.025997 -0.0005226 0.99966 0.018077 0.0022635 0.93771
21 0.99966 0.0002091 0.026091 -0.0003283 0.99999 0.0045668 -0.02609 -0.0045739 0.99965 0.0183 0.0029759 0.98754
22 0.99965 -0.0008283 0.026253 0.0006253 0.99997 0.0077418 -0.026259 -0.0077227 0.99963 0.019604 0.0027295 1.0374
23 0.99965 -0.0034497 0.026169 0.0033056 0.99998 0.005547 -0.026188 -0.0054585 0.99964 0.021208 0.002555 1.0854
24 0.99964 -0.0056522 0.026171 0.0056919 0.99998 -0.0014424 -0.026163 0.0015909 0.99966 0.022376 0.0026396 1.1345
25 0.99966 -0.0059166 0.025518 0.0061059 0.99995 -0.0073455 -0.025474 0.0074988 0.99965 0.023056 0.0028905 1.1822
26 0.99967 -0.0071224 0.02471 0.0073466 0.99993 -0.0089926 -0.024645 0.0091712 0.99965 0.024295 0.003083 1.2318
27 0.99965 -0.0097435 0.024766 0.0099036 0.99993 -0.0063501 -0.024703 0.0065931 0.99967 0.026062 0.002797 1.2826
28 0.99962 -0.012221 0.024706 0.012259 0.99992 -0.0013795 -0.024688 0.0016818 0.99969 0.027114 0.0027889 1.3328
29 0.99961 -0.013239 0.024531 0.013241 0.99991 4.73e-05 -0.02453 0.0002775 0.9997 0.028294 0.002873 1.3821
30 0.99968 -0.0078401 0.024138 0.0078966 0.99997 -0.0022492 -0.024119 0.0024391 0.99971 0.029047 0.0025717 1.4328
31 0.99968 -0.0050426 0.024821 0.0051668 0.99997 -0.0049393 -0.024796 0.0050659 0.99968 0.029173 0.0023583 1.4826
32 0.9997 -0.0050085 0.024151 0.0051749 0.99996 -0.006832 -0.024116 0.0069549 0.99968 0.030742 0.0028253 1.5339
33 0.99967 -0.0080208 0.024464 0.0081211 0.99996 -0.0039997 -0.024431 0.0041971 0.99969 0.031683 0.0023093 1.5839
34 0.99968 -0.0050789 0.0249 0.005057 0.99999 0.0009404 -0.024904 -0.0008142 0.99969 0.032221 0.0026154 1.6358
35 0.99967 -0.0035318 0.025262 0.0034451 0.99999 0.0034777 -0.025274 -0.0033895 0.99967 0.032626 0.0026291 1.6852
36 0.99969 -0.0037048 0.024587 0.0036261 0.99999 0.0032426 -0.024599 -0.0031525 0.99969 0.03398 0.002538 1.7362
37 0.9997 -0.0052168 0.023958 0.005172 0.99998 0.0019317 -0.023968 -0.0018072 0.99971 0.035392 0.0027707 1.7865
38 0.99969 -0.0054167 0.024126 0.0054278 0.99999 -0.0003944 -0.024124 0.0005252 0.99971 0.036342 0.0030668 1.8375
39 0.99969 -0.0058144 0.02406 0.0058615 0.99998 -0.0018874 -0.024049 0.0020279 0.99971 0.037338 0.002843 1.8872
40 0.9997 -0.0031941 0.024176 0.0032417 0.99999 -0.00193 -0.02417 0.0020078 0.99971 0.037963 0.003044 1.9383
41 0.99968 -0.001141 0.02519 0.0011816 1 -0.001596 -0.025188 0.0016252 0.99968 0.03906 0.0031841 1.9878
42 0.99965 0.0006875 0.026396 -0.0006553 1 -0.0012283 -0.026397 0.0012106 0.99965 0.040032 0.0032559 2.0385
43 0.9996 -0.0007396 0.028159 0.0007979 1 -0.002058 -0.028157 0.0020796 0.9996 0.040952 0.0034629 2.0873
44 0.99955 -0.0007057 0.029963 0.0008266 0.99999 -0.0040219 -0.02996 0.0040449 0.99954 0.042067 0.0035514 2.1371
45 0.99951 4.28e-05 0.031308 0.0001156 0.99999 -0.005059 -0.031308 0.0050602 0.9995 0.043674 0.0034006 2.1861
46 0.99945 -0.0005802 0.033136 0.000788 0.99998 -0.0062595 -0.033132 0.0062821 0.99943 0.044924 0.0033197 2.2362
47 0.99942 0.000731 0.033929 -0.0005194 0.99998 -0.0062451 -0.033933 0.0062239 0.9994 0.047731 0.0033605 2.2867
48 0.99935 0.0004888 0.036079 -0.0002579 0.99998 -0.0064053 -0.036082 0.0063918 0.99933 0.048616 0.0031509 2.3355
49 0.99927 0.0028338 0.037995 -0.0026375 0.99998 -0.0052154 -0.038009 0.0051114 0.99926 0.049791 0.002541 2.3841
50 0.9992 0.0039856 0.03976 -0.0037522 0.99998 -0.0059429 -0.039782 0.005789 0.99919 0.051531 0.0027054 2.4337
51 0.99911 0.002558 0.042095 -0.0022638 0.99997 -0.0070336 -0.042112 0.0069321 0.99909 0.053536 0.0020341 2.4814
52 0.99902 0.0037803 0.04402 -0.0033956 0.99996 -0.0088092 -0.044051 0.0086512 0.99899 0.055447 0.0021991 2.5299
53 0.99892 0.0043952 0.046193 -0.0039484 0.99994 -0.0097603 -0.046234 0.0095674 0.99888 0.056346 0.0020694 2.5769
54 0.99884 0.0044603 0.047922 -0.0039893 0.99994 -0.0099205 -0.047964 0.0097178 0.9988 0.05848 0.0018785 2.6261
55 0.99877 0.0009654 0.049638 -0.0005291 0.99996 -0.0088021 -0.049644 0.008765 0.99873 0.060905 0.0013673 2.6729
56 0.99867 -0.0006987 0.051549 0.0011189 0.99997 -0.0081222 -0.051542 0.0081691 0.99864 0.063186 0.0012259 2.7221
57 0.99853 -0.0016145 0.054267 0.0021025 0.99996 -0.0089372 -0.05425 0.0090381 0.99849 0.065709 0.0007832 2.7702
58 0.99839 -0.0010259 0.056722 0.0015411 0.99996 -0.0090406 -0.05671 0.0091134 0.99835 0.068912 0.0001882 2.8203
59 0.99822 -0.0010865 0.059643 0.0016217 0.99996 -0.008927 -0.059631 0.0090078 0.99818 0.071337 -4.37e-05 2.8664
60 0.99802 -0.0003015 0.06288 0.0009101 0.99995 -0.0096507 -0.062874 0.0096888 0.99797 0.073467 -0.0004717 2.9146
61 0.99784 0.0008843 0.065683 -0.0002379 0.99995 -0.0098485 -0.065688 0.0098116 0.99779 0.076954 -0.0006549 2.9614
62 0.99761 0.0009642 0.069116 -0.0002951 0.99995 -0.0096896 -0.069122 0.009646 0.99756 0.080353 -0.001015 3.0102
63 0.99736 0.0014093 0.072545 -0.0006443 0.99994 -0.010568 -0.072556 0.010493 0.99731 0.083616 -0.0016512 3.0574
64 0.99709 0.0011533 0.076228 -0.0004025 0.99995 -0.0098635 -0.076235 0.0098042 0.99704 0.087007 -0.0021686 3.1062
65 0.99684 0.0032878 0.079362 -0.0026044 0.99996 -0.0087133 -0.079388 0.0084791 0.99681 0.090186 -0.0022585 3.1532
66 0.99653 0.0038992 0.083087 -0.0033495 0.99997 -0.0067541 -0.083111 0.0064524 0.99652 0.093902 -0.00254 3.2016
67 0.99628 0.0038888 0.086118 -0.0035359 0.99998 -0.00425 -0.086133 0.0039297 0.99628 0.097868 -0.002495 3.2477
68 0.99597 -0.0004367 0.089699 0.0008571 0.99999 -0.0046484 -0.089696 0.0047065 0.99596 0.10288 -0.0028611 3.2958
69 0.99566 -0.0003625 0.093021 0.0009935 0.99998 -0.0067368 -0.093017 0.0068 0.99564 0.10716 -0.0034496 3.3418
70 0.9953 -0.0010005 0.096858 0.0019683 0.99995 -0.0098974 -0.096843 0.010042 0.99525 0.11157 -0.0033376 3.3893
71 0.99498 -0.0003875 0.10005 0.001629 0.99992 -0.012327 -0.10004 0.012428 0.99491 0.11619 -0.0032965 3.4361
72 0.99466 -0.001943 0.10317 0.0032833 0.99991 -0.012822 -0.10314 0.013092 0.99458 0.12056 -0.0036562 3.4831
73 0.99423 -0.0020939 0.10727 0.0033707 0.99993 -0.011723 -0.10723 0.012017 0.99416 0.12442 -0.0040402 3.5304
74 0.99384 -0.0030542 0.11081 0.004353 0.99992 -0.011481 -0.11076 0.011893 0.99378 0.1302 -0.0046138 3.5765
75 0.9935 -0.0057538 0.11372 0.0069662 0.99992 -0.010267 -0.11366 0.010993 0.99346 0.13646 -0.0048304 3.6234
76 0.99316 -0.00411 0.11671 0.0053746 0.99993 -0.010522 -0.11666 0.011078 0.99311 0.14091 -0.0053613 3.6673
77 0.9928 0.0002804 0.11979 0.0009723 0.99995 -0.010399 -0.11978 0.010441 0.99275 0.14592 -0.0055451 3.7142
78 0.9925 -8.33e-05 0.12222 0.0015264 0.99993 -0.011714 -0.12221 0.011813 0.99243 0.15169 -0.0056614 3.759
79 0.99221 -0.0019838 0.12453 0.0036409 0.99991 -0.01308 -0.12449 0.013432 0.99213 0.15755 -0.0063612 3.8062
80 0.99179 -0.0028552 0.12783 0.0048514 0.99987 -0.015307 -0.12777 0.015802 0.99168 0.16364 -0.00708 3.8523
81 0.99131 -0.0012226 0.13151 0.0033297 0.99987 -0.015804 -0.13147 0.016105 0.99119 0.16861 -0.0076524 3.8969
82 0.99096 -0.0023469 0.13414 0.0042675 0.99989 -0.014033 -0.13409 0.014479 0.99086 0.17423 -0.0081102 3.9429
83 0.9906 -0.002295 0.13678 0.0039483 0.99992 -0.011818 -0.13674 0.012247 0.99053 0.18033 -0.0086593 3.9885
84 0.9902 -0.0039953 0.13962 0.0055566 0.99993 -0.010795 -0.13956 0.011465 0.99015 0.18692 -0.0095995 4.0338
85 0.98985 -0.004533 0.14205 0.0062048 0.99992 -0.011328 -0.14198 0.012095 0.9898 0.19313 -0.010253 4.0784
86 0.98942 -0.0043703 0.145 0.0063641 0.99989 -0.01329 -0.14492 0.014072 0.98934 0.19923 -0.010226 4.1235
87 0.989 -0.0030806 0.14787 0.0050873 0.9999 -0.013195 -0.14781 0.013802 0.98892 0.20592 -0.010854 4.1686
88 0.98861 -0.0034565 0.15044 0.0054257 0.9999 -0.012681 -0.15038 0.013353 0.98854 0.2128 -0.011377 4.2132
89 0.98824 -0.0028177 0.15292 0.004723 0.99992 -0.012098 -0.15287 0.012678 0.98816 0.21959 -0.01153 4.2566
90 0.98778 -0.0021535 0.15584 0.003902 0.99993 -0.010915 -0.15581 0.01139 0.98772 0.22658 -0.012341 4.3018
91 0.98735 0.0005982 0.15856 0.0014059 0.99992 -0.012526 -0.15856 0.012591 0.98727 0.23341 -0.013068 4.3439
92 0.98687 -0.0010602 0.16153 0.0032246 0.99991 -0.013137 -0.1615 0.013486 0.98678 0.24035 -0.013658 4.3875
93 0.98653 -0.0042182 0.16355 0.0067063 0.99987 -0.014663 -0.16347 0.015563 0.98643 0.24776 -0.014098 4.4301
94 0.98608 -0.0041102 0.16623 0.0068813 0.99985 -0.016098 -0.16613 0.017018 0.98596 0.25529 -0.014686 4.4732
95 0.98562 -0.0023318 0.16897 0.0051359 0.99986 -0.01616 -0.16891 0.016795 0.98549 0.26275 -0.015341 4.5164
96 0.98521 -0.0045605 0.17128 0.0074068 0.99984 -0.015983 -0.17118 0.017015 0.98509 0.27071 -0.016378 4.5598
97 0.98484 -0.0036136 0.17341 0.0065217 0.99985 -0.016204 -0.17332 0.017089 0.98472 0.27748 -0.016459 4.6021
98 0.98436 -0.0015017 0.17614 0.0044704 0.99985 -0.016458 -0.17609 0.016989 0.98423 0.28473 -0.0168 4.6445
99 0.98388 -0.0016915 0.17881 0.0046094 0.99986 -0.015904 -0.17876 0.016472 0.98375 0.29196 -0.017917 4.6874
100 0.98342 -0.0055805 0.18128 0.0085369 0.99984 -0.015532 -0.18117 0.016822 0.98331 0.30022 -0.018467 4.7294
101 0.98292 -0.0047986 0.18395 0.0076595 0.99986 -0.014846 -0.18385 0.016001 0.98282 0.3087 -0.018969 4.7724
102 0.98232 -0.0020728 0.18718 0.004644 0.9999 -0.013299 -0.18714 0.013933 0.98223 0.31582 -0.019602 4.8143
103 0.98179 0.0006554 0.18997 0.0014828 0.99994 -0.011113 -0.18997 0.011192 0.98173 0.32315 -0.019915 4.8567
104 0.9813 -0.0007356 0.1925 0.0026337 0.99995 -0.0096052 -0.19248 0.0099326 0.98125 0.33101 -0.020381 4.8983
105 0.98093 -0.0051789 0.19431 0.0070406 0.99994 -0.0088917 -0.19425 0.01009 0.9809 0.34072 -0.021123 4.9399
106 0.98024 -0.0065495 0.19771 0.0089985 0.99989 -0.011491 -0.19761 0.013043 0.98019 0.34872 -0.021636 4.981
107 0.97962 -0.0041956 0.20083 0.0070533 0.99988 -0.013516 -0.20075 0.014657 0.97953 0.35655 -0.02189 5.0224
108 0.97911 -0.0004666 0.20332 0.0034061 0.99989 -0.014108 -0.20329 0.014506 0.97901 0.36483 -0.022266 5.0635
109 0.97856 0.0001416 0.20594 0.0026243 0.99991 -0.013157 -0.20593 0.013416 0.97848 0.37369 -0.022328 5.105
110 0.97804 -0.0020628 0.20843 0.0045604 0.99992 -0.011503 -0.20839 0.012201 0.97797 0.3826 -0.023152 5.1455
111 0.97735 -0.0038936 0.21158 0.0060855 0.99993 -0.0097095 -0.21153 0.010777 0.97731 0.39185 -0.023629 5.1865
112 0.9766 -0.0018765 0.21507 0.0039702 0.99995 -0.0093033 -0.21505 0.0099394 0.97655 0.40059 -0.02388 5.2272
113 0.97562 -0.0011008 0.21946 0.0034814 0.99994 -0.010461 -0.21943 0.01097 0.97557 0.40888 -0.024439 5.2671
114 0.97493 -0.001585 0.22249 0.0045476 0.99991 -0.012804 -0.22245 0.013495 0.97485 0.41819 -0.024729 5.307
115 0.97398 -0.0045818 0.22657 0.0079647 0.99987 -0.014019 -0.22648 0.015459 0.97389 0.4276 -0.025405 5.3467
116 0.97304 -0.0036892 0.23061 0.0069301 0.99989 -0.013246 -0.23053 0.014487 0.97296 0.43677 -0.025893 5.3865
117 0.97195 -0.0057297 0.23513 0.0086023 0.9999 -0.011194 -0.23504 0.012902 0.9719 0.44609 -0.026407 5.4262
118 0.97084 -0.0055944 0.23966 0.008084 0.99992 -0.0094063 -0.23959 0.011069 0.97081 0.45598 -0.026736 5.466
119 0.96954 -0.0050137 0.24487 0.0072467 0.99994 -0.0082188 -0.24481 0.009743 0.96952 0.46528 -0.027441 5.5051
120 0.96834 -0.0038566 0.24959 0.006197 0.99994 -0.0085917 -0.24955 0.0098665 0.96831 0.4751 -0.027701 5.5443
121 0.96706 -0.0034405 0.25452 0.0065359 0.99991 -0.011317 -0.25446 0.012608 0.967 0.48535 -0.028065 5.5824
122 0.96553 -0.0053077 0.26026 0.009336 0.99985 -0.014245 -0.26014 0.016183 0.96543 0.49552 -0.028135 5.6206
123 0.96421 -0.005948 0.26507 0.010307 0.99983 -0.015055 -0.26493 0.017248 0.96411 0.50653 -0.028656 5.6588
124 0.96268 -0.0034703 0.27061 0.0077197 0.99986 -0.01464 -0.27052 0.016183 0.96258 0.51695 -0.029192 5.6973
125 0.96137 0.0006259 0.27526 0.003146 0.99991 -0.013262 -0.27524 0.013615 0.96128 0.52786 -0.029429 5.7356
126 0.96006 0.0019278 0.27978 0.0016125 0.99992 -0.012423 -0.27978 0.012378 0.95998 0.53846 -0.02977 5.7736
127 0.95877 -0.0008439 0.28417 0.00405 0.99993 -0.010695 -0.28415 0.011405 0.95871 0.55032 -0.030372 5.8108
128 0.95722 -0.004337 0.28933 0.0074379 0.99993 -0.0096192 -0.28926 0.01136 0.95718 0.56191 -0.030578 5.8485
129 0.95577 -0.0038742 0.2941 0.006896 0.99993 -0.0092386 -0.29404 0.010858 0.95573 0.57324 -0.031267 5.8856
130 0.95438 0.0010429 0.29858 0.0019197 0.99995 -0.0096287 -0.29858 0.0097627 0.95434 0.58466 -0.03138 5.9229
131 0.95282 0.0040018 0.3035 -0.0007943 0.99994 -0.010691 -0.30352 0.0099459 0.95277 0.59494 -0.031449 5.9588
132 0.95149 0.0042891 0.30766 -0.0010453 0.99994 -0.010708 -0.30769 0.0098664 0.95144 0.60695 -0.032145 5.9951
133 0.94985 0.0033009 0.31268 0.0006114 0.99992 -0.012413 -0.3127 0.011982 0.94978 0.61869 -0.032689 6.0307
134 0.94853 0.0036967 0.31666 0.0002692 0.99992 -0.012479 -0.31668 0.011923 0.94846 0.63057 -0.03326 6.0665
135 0.94706 0.0077067 0.32096 -0.0034747 0.9999 -0.013756 -0.32104 0.011912 0.94699 0.64224 -0.033737 6.1027
136 0.94561 0.0088358 0.32519 -0.0040281 0.99987 -0.015455 -0.32528 0.013304 0.94552 0.65391 -0.034321 6.1375
137 0.94457 0.0084676 0.32821 -0.0027646 0.99984 -0.017839 -0.3283 0.015943 0.94444 0.66605 -0.034761 6.1719
138 0.94338 0.008269 0.33161 -0.0027499 0.99985 -0.017109 -0.3317 0.015229 0.94326 0.67776 -0.035541 6.2061
139 0.94222 0.0083125 0.33489 -0.0032144 0.99987 -0.015775 -0.33498 0.013787 0.94212 0.68948 -0.035953 6.2394
140 0.94159 0.012211 0.33654 -0.007457 0.99985 -0.015416 -0.33668 0.012006 0.94154 0.70042 -0.036439 6.2723
141 0.94121 0.012007 0.33761 -0.0072202 0.99985 -0.01543 -0.33774 0.012085 0.94116 0.71158 -0.037295 6.3044
142 0.94096 0.0072532 0.33844 -0.0031798 0.99992 -0.012589 -0.3385 0.010769 0.9409 0.723 -0.038195 6.3365
143 0.94087 0.0072346 0.33868 -0.0034956 0.99993 -0.011649 -0.33874 0.0097762 0.94083 0.73433 -0.038506 6.367
144 0.9407 0.0083637 0.33914 -0.0044516 0.99991 -0.012312 -0.33921 0.010072 0.94066 0.74449 -0.03871 6.3976
145 0.94074 0.011941 0.33891 -0.0080591 0.99988 -0.01286 -0.33903 0.0093666 0.94073 0.75539 -0.038814 6.4272
146 0.94081 0.013925 0.33866 -0.010296 0.99987 -0.012512 -0.33879 0.0082842 0.94083 0.76611 -0.039419 6.4564
147 0.94084 0.016112 0.33846 -0.012826 0.99985 -0.011945 -0.3386 0.0068968 0.94091 0.77543 -0.039976 6.4853
148 0.94102 0.018509 0.33783 -0.014372 0.99979 -0.014742 -0.33803 0.0090172 0.94109 0.78497 -0.040392 6.5136
149 0.94097 0.020818 0.33785 -0.016424 0.99974 -0.01586 -0.33809 0.0093752 0.94107 0.79505 -0.040645 6.5419
150 0.94116 0.02159 0.33728 -0.017226 0.99972 -0.015928 -0.33753 0.0091804 0.94127 0.80437 -0.040958 6.5697
151 0.94155 0.01778 0.3364 -0.013708 0.9998 -0.014478 -0.33659 0.0090209 0.94161 0.8146 -0.041121 6.5974
152 0.94163 0.016144 0.33627 -0.012237 0.99983 -0.013735 -0.33643 0.0088184 0.94167 0.82463 -0.041211 6.6251
153 0.94159 0.014602 0.33644 -0.011459 0.99987 -0.011327 -0.33656 0.0068102 0.94164 0.83428 -0.041845 6.652
154 0.94153 0.016647 0.33653 -0.014677 0.99986 -0.0083971 -0.33662 0.0029669 0.94163 0.84347 -0.041826 6.6795
155 0.94143 0.017335 0.33675 -0.015605 0.99985 -0.0078416 -0.33684 0.0021272 0.94156 0.85228 -0.042378 6.7058
156 0.94137 0.018615 0.33687 -0.016543 0.99982 -0.0090208 -0.33697 0.0029191 0.94151 0.86135 -0.042415 6.7324
157 0.94117 0.020599 0.33729 -0.017806 0.99978 -0.011374 -0.33745 0.004699 0.94133 0.86979 -0.042642 6.7576
158 0.94125 0.017565 0.33725 -0.014286 0.99982 -0.012203 -0.33741 0.0066684 0.94134 0.87898 -0.042913 6.7834
159 0.94138 0.014253 0.33706 -0.010809 0.99987 -0.012094 -0.33719 0.0077417 0.94141 0.88829 -0.043182 6.8076
160 0.94144 0.010318 0.33702 -0.0063397 0.9999 -0.012903 -0.33712 0.010011 0.94141 0.89797 -0.042997 6.8329
161 0.94128 0.010496 0.33748 -0.0058935 0.99988 -0.01466 -0.33759 0.01181 0.94122 0.90651 -0.043199 6.858
162 0.9411 0.013154 0.33786 -0.0087589 0.99986 -0.01453 -0.338 0.010715 0.94108 0.91511 -0.043625 6.8835
163 0.94074 0.021167 0.33846 -0.016776 0.99973 -0.015892 -0.3387 0.0092722 0.94085 0.92308 -0.044134 6.9087
164 0.94061 0.027846 0.33834 -0.023287 0.99958 -0.017527 -0.33868 0.0086073 0.94086 0.93112 -0.044416 6.9332
165 0.94068 0.026205 0.33827 -0.020632 0.99959 -0.020061 -0.33866 0.011892 0.94084 0.94023 -0.044567 6.9571
166 0.94099 0.018919 0.33791 -0.013728 0.99975 -0.017746 -0.33816 0.01206 0.94101 0.94998 -0.044443 6.9804
167 0.94074 0.011919 0.33892 -0.0075674 0.99987 -0.014159 -0.33904 0.010755 0.94071 0.95868 -0.045081 7.0045
168 0.94059 0.012913 0.33929 -0.0090246 0.99987 -0.013036 -0.33941 0.0091999 0.94059 0.96696 -0.045061 7.0277
169 0.94013 0.018755 0.34031 -0.015258 0.9998 -0.012951 -0.34048 0.0069835 0.94023 0.97453 -0.046025 7.0518
170 0.93978 0.025157 0.34085 -0.022124 0.99967 -0.012783 -0.34106 0.0044726 0.94003 0.98212 -0.046185 7.0743
171 0.93899 0.029344 0.34269 -0.027465 0.99957 -0.010336 -0.34285 0.0002935 0.93939 0.98926 -0.0473 7.0969
172 0.9382 0.029549 0.34482 -0.02824 0.99956 -0.0088205 -0.34493 -0.0014623 0.93863 0.99695 -0.047498 7.1186
173 0.9371 0.025178 0.34816 -0.0229 0.99968 -0.010658 -0.34832 0.0020144 0.93737 1.0046 -0.047591 7.1387
174 0.93589 0.018385 0.35182 -0.014607 0.9998 -0.013389 -0.352 0.007392 0.93597 1.0132 -0.047311 7.1577
175 0.93366 0.01263 0.35793 -0.0087217 0.99988 -0.012531 -0.35805 0.0085779 0.93366 1.0212 -0.046948 7.1775
176 0.93144 0.016638 0.36351 -0.013234 0.99984 -0.011855 -0.36365 0.0062316 0.93152 1.0283 -0.04734 7.196
177 0.9287 0.024531 0.37001 -0.021023 0.99969 -0.013512 -0.37023 0.0047695 0.92893 1.0353 -0.048328 7.2143
178 0.9256 0.030903 0.37725 -0.026776 0.99951 -0.016181 -0.37756 0.0048764 0.92597 1.0422 -0.048471 7.2318
179 0.92195 0.032304 0.38595 -0.028063 0.99947 -0.016618 -0.38628 0.0044901 0.92237 1.0495 -0.048802 7.2493
180 0.91835 0.030634 0.39457 -0.026181 0.99952 -0.016666 -0.39489 0.0049752 0.91871 1.0575 -0.048834 7.2656
181 0.91432 0.029515 0.40391 -0.025475 0.99956 -0.015373 -0.40418 0.0037661 0.91467 1.0653 -0.049377 7.2819
182 0.90965 0.029707 0.41432 -0.025723 0.99955 -0.015192 -0.41458 0.0031621 0.91001 1.0727 -0.049645 7.2978
183 0.90506 0.029795 0.42423 -0.025676 0.99955 -0.015424 -0.4245 0.003067 0.90542 1.0809 -0.050051 7.3133
184 0.90047 0.027607 0.43404 -0.022364 0.9996 -0.017183 -0.43434 0.0057656 0.90073 1.0891 -0.050004 7.3287
185 0.89662 0.024253 0.44214 -0.017619 0.99966 -0.019105 -0.44245 0.0093402 0.89674 1.097 -0.050291 7.3432
186 0.89447 0.020647 0.44665 -0.012864 0.99971 -0.02045 -0.44694 0.012546 0.89448 1.1053 -0.050469 7.3581
187 0.89383 0.021537 0.44788 -0.014483 0.99971 -0.019168 -0.44816 0.010646 0.89389 1.1124 -0.051178 7.3733
188 0.89423 0.028453 0.4467 -0.022206 0.99957 -0.019214 -0.44706 0.007262 0.89448 1.119 -0.051401 7.389
189 0.89536 0.03473 0.44398 -0.028385 0.99938 -0.020932 -0.44443 0.006139 0.89579 1.1248 -0.051597 7.4034
190 0.89749 0.034299 0.4397 -0.027522 0.99938 -0.021779 -0.44017 0.0074453 0.89788 1.1319 -0.051961 7.4184
191 0.90007 0.030949 0.43464 -0.024375 0.99949 -0.020693 -0.43505 0.0080314 0.90037 1.1388 -0.052058 7.4334
192 0.90395 0.030433 0.42655 -0.024253 0.99951 -0.019915 -0.42694 0.0076573 0.90425 1.1455 -0.05233 7.448
193 0.90861 0.030404 0.41654 -0.024354 0.99951 -0.019834 -0.41694 0.0078767 0.9089 1.1515 -0.052596 7.4634
194 0.91328 0.030611 0.40618 -0.024356 0.99949 -0.020563 -0.4066 0.0088872 0.91356 1.1567 -0.052836 7.4783
195 0.91796 0.032377 0.39535 -0.02619 0.99944 -0.021038 -0.39581 0.0089581 0.91829 1.1629 -0.052871 7.4936
196 0.92254 0.033175 0.38448 -0.0275 0.99942 -0.020249 -0.38492 0.0081075 0.92291 1.1683 -0.053084 7.5093
197 0.92741 0.033309 0.37257 -0.027471 0.9994 -0.020969 -0.37304 0.0092118 0.92777 1.1739 -0.053156 7.5256
198 0.932 0.032155 0.36104 -0.026319 0.99943 -0.021071 -0.36151 0.010136 0.93231 1.1801 -0.05369 7.5422
199 0.93646 0.032416 0.34928 -0.027191 0.99943 -0.019855 -0.34972 0.009096 0.93681 1.1857 -0.054326 7.5604
200 0.94098 0.032773 0.33688 -0.028395 0.99944 -0.017916 -0.33728 0.0072924 0.94138 1.1912 -0.054512 7.579
201 0.94524 0.031999 0.32481 -0.02826 0.99947 -0.016222 -0.32516 0.0061542 0.94564 1.1973 -0.055142 7.5974
202 0.94924 0.033412 0.31278 -0.029937 0.99943 -0.015906 -0.31313 0.0057351 0.94969 1.2025 -0.055235 7.6168
203 0.95319 0.034445 0.30039 -0.030961 0.99939 -0.016351 -0.30077 0.0062855 0.95368 1.208 -0.055132 7.6363
204 0.95675 0.036167 0.28865 -0.032878 0.99933 -0.016235 -0.28904 0.0060428 0.9573 1.2133 -0.055848 7.6571
205 0.95993 0.036769 0.27783 -0.033073 0.99929 -0.017979 -0.2783 0.0080703 0.96046 1.2184 -0.056017 7.6783
206 0.96286 0.037019 0.26745 -0.032852 0.99926 -0.02004 -0.26799 0.01051 0.96336 1.2239 -0.055774 7.7002
207 0.96541 0.037602 0.25799 -0.032998 0.99921 -0.02215 -0.25862 0.012871 0.96589 1.2298 -0.056356 7.7228
208 0.96749 0.036428 0.25025 -0.031305 0.99921 -0.024421 -0.25095 0.015793 0.96787 1.2356 -0.056452 7.7464
209 0.96891 0.036769 0.24466 -0.031441 0.99918 -0.025645 -0.24541 0.017155 0.96927 1.2409 -0.057003 7.7709
210 0.97019 0.03688 0.23953 -0.031592 0.99917 -0.02588 -0.24029 0.017541 0.97054 1.2476 -0.056938 7.7966
211 0.97058 0.037628 0.23783 -0.032291 0.99913 -0.026297 -0.23861 0.017843 0.97095 1.2534 -0.057483 7.8227
212 0.97083 0.041712 0.23612 -0.036106 0.99896 -0.028018 -0.23704 0.018676 0.97132 1.2597 -0.057935 7.8504
213 0.97108 0.040325 0.23533 -0.034329 0.99897 -0.02952 -0.23628 0.020587 0.97147 1.2667 -0.058445 7.8786
214 0.97129 0.034181 0.23545 -0.027921 0.99916 -0.029873 -0.23627 0.022441 0.97143 1.2743 -0.058873 7.9081
215 0.97123 0.023745 0.23695 -0.017459 0.99944 -0.028591 -0.2375 0.023632 0.9711 1.2831 -0.059325 7.938
216 0.97098 0.01807 0.23849 -0.011964 0.99956 -0.027026 -0.23887 0.023388 0.97077 1.2917 -0.059797 7.9692
217 0.97035 0.015462 0.24119 -0.010253 0.99969 -0.022837 -0.24147 0.019687 0.97021 1.2998 -0.060468 8.0011
218 0.96965 0.016312 0.24396 -0.011676 0.99972 -0.020437 -0.24423 0.016968 0.96957 1.3079 -0.06047 8.0339
219 0.96873 0.014856 0.24767 -0.010658 0.99978 -0.018282 -0.24789 0.015071 0.96867 1.3167 -0.060927 8.0661
220 0.96742 0.010683 0.25297 -0.0062315 0.99981 -0.01839 -0.25311 0.016215 0.9673 1.3256 -0.061764 8.1012
221 0.96636 0.0040555 0.25715 0.001275 0.99979 -0.020559 -0.25718 0.020195 0.96615 1.3357 -0.062324 8.1346
222 0.96551 0.0012244 0.26036 0.0053263 0.99969 -0.024453 -0.26031 0.024996 0.9652 1.3452 -0.063221 8.1657
223 0.9645 0.0008077 0.26409 0.0068991 0.99958 -0.028254 -0.264 0.029073 0.96409 1.355 -0.06376 8.1987
224 0.96341 -0.0003543 0.26802 0.0087255 0.99951 -0.030043 -0.26788 0.031282 0.96294 1.3643 -0.064074 8.2326
225 0.96276 0.0017434 0.27036 0.0064787 0.99954 -0.029516 -0.27029 0.030168 0.96231 1.3737 -0.06481 8.2668
226 0.96227 0.0027526 0.27209 0.0049445 0.99961 -0.027599 -0.27206 0.027903 0.96188 1.3835 -0.065651 8.3014
227 0.96143 0.003877 0.27502 0.0031391 0.99968 -0.025067 -0.27503 0.024963 0.96111 1.3921 -0.066888 8.335
228 0.96065 0.0055842 0.27772 0.0016203 0.99967 -0.025705 -0.27777 0.025143 0.96032 1.4017 -0.067703 8.3696
229 0.96006 0.0054748 0.27975 0.0023556 0.99962 -0.027647 -0.27979 0.027202 0.95968 1.4112 -0.068934 8.4037
230 0.95943 0.0048537 0.2819 0.003659 0.99955 -0.029663 -0.28192 0.029491 0.95898 1.4216 -0.069425 8.4379
231 0.958 0.0064947 0.28669 0.0023868 0.99953 -0.03062 -0.28675 0.030018 0.95754 1.4321 -0.070328 8.472
232 0.95642 0.0068885 0.29193 0.0020374 0.99954 -0.030261 -0.292 0.029537 0.95596 1.4425 -0.07119 8.5064
233 0.95475 0.0068988 0.29734 0.0020795 0.99955 -0.029868 -0.29742 0.029135 0.9543 1.4534 -0.072345 8.5403
234 0.95293 0.0042559 0.30315 0.0050649 0.99954 -0.029954 -0.30314 0.030079 0.95247 1.4645 -0.073737 8.5746
235 0.95113 0.0031632 0.30878 0.0067032 0.9995 -0.030887 -0.30872 0.031447 0.95063 1.4753 -0.074793 8.6085
236 0.94939 0.0044617 0.31407 0.0060833 0.99945 -0.032587 -0.31404 0.032848 0.94884 1.4868 -0.075525 8.6436
237 0.94781 0.0052402 0.3188 0.0054266 0.99945 -0.032562 -0.3188 0.032593 0.94726 1.4982 -0.076296 8.6769
238 0.94571 0.0050127 0.32497 0.0052959 0.99951 -0.030829 -0.32497 0.030876 0.94522 1.5097 -0.077728 8.7104
239 0.94333 0.0030249 0.33185 0.0071474 0.99954 -0.029429 -0.33178 0.030133 0.94287 1.5229 -0.078901 8.7454
240 0.94048 0.0011623 0.33986 0.0091561 0.99954 -0.028755 -0.33974 0.030156 0.94004 1.5359 -0.079597 8.7802
241 0.93795 0.0001442 0.34678 0.010299 0.99955 -0.028272 -0.34663 0.030089 0.93752 1.5485 -0.080333 8.8133
242 0.93493 0.0009364 0.35483 0.0098508 0.99954 -0.028593 -0.35469 0.030228 0.93449 1.5623 -0.081155 8.8486
243 0.9319 0.00397 0.36269 0.0070208 0.99956 -0.028981 -0.36264 0.029553 0.93146 1.5756 -0.082115 8.8836
244 0.92899 0.0057195 0.37006 0.0051203 0.99959 -0.028303 -0.37007 0.028188 0.92858 1.5884 -0.082981 8.9177
245 0.92597 0.0068447 0.37754 0.0042055 0.99959 -0.028437 -0.37758 0.027919 0.92556 1.6027 -0.084144 8.9519
246 0.92273 0.006995 0.38539 0.0046785 0.99956 -0.029344 -0.38542 0.02888 0.92229 1.6171 -0.084823 8.9869
247 0.91949 0.0082926 0.39304 0.0033856 0.99957 -0.02901 -0.39311 0.028005 0.91907 1.6304 -0.085579 9.0212
248 0.91687 0.0088627 0.39908 0.0031474 0.99956 -0.029429 -0.39917 0.028238 0.91644 1.6476 -0.086253 9.0575
249 0.91399 0.011052 0.40559 0.0007584 0.99958 -0.028946 -0.40574 0.026764 0.9136 1.6631 -0.087266 9.0931
250 0.9115 0.01354 0.41108 -0.001633 0.99957 -0.029302 -0.4113 0.026037 0.91113 1.6778 -0.088113 9.1281
251 0.90913 0.014063 0.41628 -0.002012 0.99957 -0.029374 -0.41651 0.025867 0.90876 1.6937 -0.089303 9.1635
252 0.90718 0.015157 0.42047 -0.0025463 0.99953 -0.030536 -0.42074 0.026631 0.90679 1.7097 -0.090464 9.1994
253 0.90629 0.014819 0.42239 -0.00095 0.99945 -0.033027 -0.42264 0.029531 0.90581 1.7258 -0.091345 9.2332
254 0.90553 0.016557 0.42396 -0.002229 0.99941 -0.034269 -0.42428 0.030087 0.90503 1.7421 -0.093025 9.2693
255 0.90518 0.016476 0.4247 -0.0018836 0.99939 -0.034756 -0.42502 0.03066 0.90467 1.7587 -0.094276 9.305
256 0.9054 0.017287 0.42422 -0.002478 0.99937 -0.035435 -0.42456 0.031032 0.90487 1.7759 -0.09524 9.341
257 0.90589 0.01581 0.42321 -0.0009388 0.99938 -0.035325 -0.42351 0.031603 0.90534 1.7921 -0.096333 9.3775
258 0.90711 0.015166 0.42061 -0.0003153 0.99937 -0.035353 -0.42089 0.031937 0.90655 1.8094 -0.097754 9.414
259 0.90923 0.012934 0.4161 0.0020076 0.99937 -0.035451 -0.41629 0.033069 0.90863 1.8261 -0.098712 9.4504
260 0.91174 0.010804 0.41062 0.0031991 0.99944 -0.0334 -0.41075 0.031766 0.9112 1.8425 -0.10015 9.4874
261 0.91447 0.0081009 0.40457 0.0048139 0.99951 -0.030895 -0.40462 0.0302 0.91399 1.8581 -0.10127 9.5247
262 0.91763 0.0051213 0.39741 0.0065948 0.99958 -0.028109 -0.39739 0.028414 0.91721 1.8743 -0.10218 9.5618
263 0.92049 0.0078875 0.39069 0.0031015 0.99962 -0.027488 -0.39075 0.026515 0.92011 1.8898 -0.10398 9.6004
264 0.92337 0.0085395 0.38381 0.0025513 0.99959 -0.028378 -0.3839 0.027183 0.92297 1.905 -0.10473 9.6385
265 0.9258 0.010355 0.37787 0.0005535 0.99959 -0.028748 -0.37801 0.026824 0.92541 1.9208 -0.10574 9.6782
266 0.92807 0.011586 0.37224 -0.0006167 0.99956 -0.029576 -0.37241 0.027219 0.92767 1.9359 -0.10655 9.7165
267 0.93004 0.011381 0.36729 -0.0008573 0.99958 -0.028804 -0.36747 0.026474 0.92966 1.9505 -0.10759 9.7545
268 0.93196 0.0088382 0.36245 0.0009994 0.99964 -0.026946 -0.36255 0.025475 0.93162 1.9652 -0.10852 9.7931
269 0.93391 0.0089098 0.35741 0.0003995 0.99966 -0.025965 -0.35752 0.024391 0.93359 1.9798 -0.10935 9.8307
270 0.93536 0.009332 0.35358 -0.0001793 0.99966 -0.025909 -0.35371 0.024171 0.93504 1.9937 -0.11016 9.87
271 0.93705 0.008166 0.3491 0.0003382 0.9997 -0.024293 -0.34919 0.022881 0.93677 2.0072 -0.11161 9.9074
272 0.939 0.0091283 0.3438 -0.0004716 0.99968 -0.025255 -0.34392 0.023553 0.9387 2.0212 -0.11229 9.9467
273 0.94071 0.010156 0.33905 -0.0010455 0.99963 -0.027043 -0.3392 0.025085 0.94038 2.0344 -0.11315 9.9848
274 0.94247 0.0093197 0.33416 0.0007848 0.99955 -0.030091 -0.33429 0.028622 0.94204 2.0479 -0.1141 10.024
275 0.94435 0.01058 0.32876 -0.0002485 0.99951 -0.031451 -0.32893 0.029619 0.94389 2.0603 -0.11578 10.063
276 0.94593 0.014189 0.32405 -0.0032765 0.99941 -0.034196 -0.32434 0.031285 0.94542 2.0732 -0.11672 10.103
277 0.94751 0.017231 0.31925 -0.006661 0.99939 -0.034171 -0.31965 0.030251 0.94705 2.0868 -0.11728 10.144
278 0.94914 0.015931 0.31444 -0.0062338 0.99947 -0.031822 -0.31478 0.028244 0.94874 2.1004 -0.11846 10.185
279 0.95076 0.016231 0.30951 -0.0079913 0.99958 -0.027873 -0.30983 0.024027 0.95049 2.1131 -0.11937 10.227
280 0.95217 0.014226 0.30525 -0.0066075 0.99964 -0.025977 -0.30551 0.022718 0.95192 2.1261 -0.12078 10.269
281 0.95376 0.01623 0.30014 -0.0086588 0.99961 -0.026538 -0.30045 0.022712 0.95353 2.1397 -0.12153 10.312
282 0.95537 0.016898 0.29492 -0.0085672 0.99953 -0.029516 -0.29528 0.025672 0.95507 2.1523 -0.12262 10.355
283 0.95693 0.017728 0.28979 -0.0090551 0.99947 -0.031242 -0.29019 0.027272 0.95658 2.1658 -0.12302 10.398
284 0.95831 0.015082 0.28534 -0.00673 0.99952 -0.030228 -0.28566 0.027048 0.95795 2.1784 -0.12418 10.442
285 0.95993 0.014116 0.27989 -0.006432 0.99958 -0.028353 -0.28017 0.025416 0.95961 2.1921 -0.12542 10.486
286 0.96088 0.016319 0.27648 -0.0090571 0.99958 -0.027522 -0.27681 0.023942 0.96063 2.204 -0.12652 10.531
287 0.96206 0.019057 0.27217 -0.011753 0.99953 -0.028442 -0.27258 0.024164 0.96183 2.2164 -0.1276 10.575
288 0.96294 0.017085 0.26919 -0.009463 0.99952 -0.029587 -0.26956 0.025943 0.96263 2.2289 -0.12863 10.621
289 0.96388 0.015883 0.26587 -0.0087186 0.99957 -0.028105 -0.2662 0.024772 0.9636 2.2409 -0.1297 10.665
290 0.96457 0.01638 0.26333 -0.0098665 0.99961 -0.026039 -0.26365 0.022518 0.96436 2.2524 -0.13088 10.711
291 0.96548 0.015829 0.25999 -0.0098685 0.99966 -0.024217 -0.26029 0.020815 0.96531 2.2645 -0.13183 10.757
292 0.96633 0.015943 0.25682 -0.010539 0.99969 -0.022402 -0.2571 0.018942 0.9662 2.2759 -0.13306 10.803
293 0.96722 0.01577 0.25344 -0.010221 0.99968 -0.023196 -0.25372 0.019846 0.96707 2.2877 -0.13417 10.849
294 0.96784 0.016178 0.25103 -0.010828 0.99968 -0.022681 -0.25132 0.019233 0.96771 2.2988 -0.13533 10.894
295 0.96868 0.014693 0.24786 -0.0095584 0.99971 -0.021908 -0.24811 0.018853 0.96855 2.3099 -0.13634 10.939
296 0.96964 0.01503 0.24408 -0.010136 0.99972 -0.021295 -0.24433 0.018174 0.96952 2.3219 -0.13685 10.985
297 0.97032 0.014529 0.24138 -0.0097973 0.99974 -0.020792 -0.24161 0.01781 0.97021 2.3332 -0.13761 11.031
298 0.97099 0.016818 0.23851 -0.012405 0.99972 -0.01999 -0.23878 0.016452 0.97093 2.344 -0.13877 11.077
299 0.97151 0.016674 0.23643 -0.012141 0.99971 -0.020614 -0.23671 0.017156 0.97143 2.3552 -0.14006 11.123
300 0.97189 0.018118 0.23474 -0.013218 0.99966 -0.02243 -0.23507 0.018697 0.9718 2.3659 -0.14075 11.168
301 0.97208 0.01989 0.2338 -0.01475 0.99961 -0.023715 -0.23418 0.019605 0.972 2.3762 -0.14173 11.214
302 0.97234 0.019236 0.23277 -0.013945 0.99961 -0.024353 -0.23315 0.020434 0.97223 2.3862 -0.14236 11.259
303 0.9727 0.019613 0.23124 -0.014384 0.9996 -0.024277 -0.23162 0.020288 0.97259 2.3968 -0.14338 11.304
304 0.97296 0.017872 0.23029 -0.012664 0.99963 -0.024076 -0.23064 0.020509 0.97282 2.407 -0.14446 11.35
305 0.97333 0.018729 0.22862 -0.013675 0.99963 -0.02367 -0.22898 0.019912 0.97323 2.418 -0.14568 11.397
306 0.97357 0.017644 0.22771 -0.012691 0.99965 -0.023196 -0.22804 0.019693 0.97345 2.4283 -0.14679 11.443
307 0.97383 0.017837 0.22656 -0.013047 0.99966 -0.022621 -0.22688 0.019073 0.97374 2.4387 -0.14788 11.489
308 0.97414 0.015176 0.22543 -0.010518 0.99971 -0.021847 -0.2257 0.018911 0.97401 2.4491 -0.14927 11.535
309 0.9745 0.0156 0.22383 -0.010921 0.9997 -0.02213 -0.2241 0.019122 0.97438 2.46 -0.14984 11.582
310 0.97475 0.013847 0.22287 -0.0088668 0.99969 -0.02333 -0.22312 0.020765 0.97457 2.4703 -0.15106 11.629
311 0.97513 0.014589 0.22117 -0.0093143 0.99965 -0.024875 -0.22146 0.022196 0.97492 2.4807 -0.15181 11.675
312 0.97538 0.013537 0.22011 -0.0081002 0.99964 -0.025586 -0.22038 0.023173 0.97514 2.4904 -0.15269 11.721
313 0.97574 0.01202 0.21859 -0.0068429 0.99968 -0.024427 -0.21882 0.022338 0.97551 2.5017 -0.15384 11.768
314 0.97617 0.013885 0.21657 -0.0092002 0.9997 -0.022624 -0.21682 0.020093 0.97601 2.5121 -0.15488 11.814
315 0.97637 0.014108 0.21565 -0.0098756 0.99974 -0.020691 -0.21588 0.018072 0.97625 2.5217 -0.15589 11.861
316 0.97639 0.013641 0.21557 -0.010074 0.99979 -0.01764 -0.21576 0.015052 0.97633 2.5308 -0.15684 11.906
317 0.97666 0.01191 0.21447 -0.0085194 0.99982 -0.016729 -0.21463 0.014511 0.97659 2.5403 -0.15731 11.951
318 0.97681 0.0098918 0.21389 -0.0062831 0.99983 -0.017545 -0.21403 0.015794 0.9767 2.5504 -0.15841 11.996
319 0.97688 0.0086449 0.21363 -0.0045468 0.9998 -0.019667 -0.21375 0.018241 0.97672 2.5595 -0.15939 12.042
320 0.97736 0.0082506 0.21142 -0.0034269 0.99973 -0.023172 -0.21155 0.021922 0.97712 2.5699 -0.15986 12.086
321 0.97767 0.0086215 0.20996 -0.0037583 0.99972 -0.023551 -0.2101 0.022236 0.97743 2.5796 -0.16096 12.131
322 0.97787 0.006973 0.20907 -0.0023847 0.99975 -0.02219 -0.20918 0.0212 0.97765 2.5886 -0.16152 12.176
323 0.97845 0.0052209 0.20643 -0.0010393 0.99979 -0.02036 -0.2065 0.019706 0.97825 2.5984 -0.1626 12.219
324 0.97868 0.0037976 0.20534 5.17e-05 0.99982 -0.018738 -0.20537 0.018349 0.97851 2.6073 -0.16383 12.263
325 0.97895 0.0070202 0.20399 -0.0031025 0.9998 -0.019519 -0.20409 0.018475 0.97878 2.6154 -0.16472 12.307
326 0.97917 0.0081163 0.20287 -0.0038412 0.99976 -0.021458 -0.20299 0.020232 0.97897 2.6241 -0.16536 12.35
327 0.97949 0.0075879 0.20137 -0.0031934 0.99975 -0.022139 -0.20148 0.021042 0.97927 2.6333 -0.16638 12.393
328 0.97956 0.0054244 0.20107 -0.0009327 0.99975 -0.022426 -0.20115 0.02178 0.97932 2.6419 -0.16715 12.435
329 0.97945 0.0036527 0.20163 0.0011541 0.99972 -0.023717 -0.20166 0.023462 0.97917 2.6501 -0.16755 12.478
330 0.97915 0.0045787 0.2031 0.0003199 0.99971 -0.02408 -0.20315 0.023643 0.97886 2.6581 -0.1679 12.52
331 0.97895 0.0043025 0.20407 0.0004985 0.99972 -0.023469 -0.20411 0.023077 0.97868 2.6667 -0.16913 12.56
332 0.97854 0.0043946 0.20599 0.000566 0.99971 -0.024017 -0.20603 0.023618 0.97826 2.6757 -0.17062 12.6
333 0.97798 0.0033612 0.20865 0.0018474 0.99969 -0.024764 -0.20867 0.024604 0.97768 2.6843 -0.17171 12.641
334 0.97751 0.0061818 0.21078 -0.0007127 0.99966 -0.026013 -0.21087 0.025278 0.97719 2.6925 -0.17234 12.68
335 0.97708 0.0049737 0.21283 0.0005785 0.99966 -0.026018 -0.21289 0.025544 0.97674 2.7007 -0.17289 12.719
336 0.97678 0.0044158 0.21422 0.0011817 0.99966 -0.025995 -0.21426 0.025644 0.97644 2.7092 -0.17413 12.758
337 0.9764 0.0019496 0.21595 0.0031945 0.99972 -0.023469 -0.21594 0.023605 0.97612 2.7183 -0.17516 12.795
338 0.97591 0.0030749 0.21815 0.001916 0.99974 -0.022663 -0.21816 0.022535 0.97565 2.7258 -0.17542 12.834
339 0.97544 0.0046771 0.22023 -0.0001137 0.99979 -0.020729 -0.22028 0.020195 0.97523 2.7337 -0.17623 12.871
340 0.97476 0.0066597 0.22315 -0.0025424 0.99982 -0.018733 -0.22323 0.017693 0.9746 2.7412 -0.17692 12.908
