1 0 0 0 0 0 0 0 0 0 0 0 0
2 0 0 0 0 0 0 0 0 0 -0.0006654 -6.08e-05 0.01033
3 0 0 0 0 0 0 0 0 0 -0.0013308 -0.0001216 0.02066
4 0 0 0 0 0 0 0 0 0 -0.0019962 -0.0001824 0.03099
5 1 0.0022612 0.0009534 -0.0022662 0.99998 0.0053149 -0.0009413 -0.0053171 0.99999 -0.0026616 -0.0002432 0.04132
6 1 0.0006129 -0.0007327 -0.0006068 0.99996 0.0083471 0.0007377 -0.0083466 0.99996 -0.0026233 -0.00219 0.051674
7 1 -7.39e-05 -0.0027079 0.0001024 0.99994 0.010525 0.002707 -0.010525 0.99994 -0.0026651 -0.0040363 0.061157
8 0.99999 0.0008827 -0.0031913 -0.0008472 0.99994 0.011126 0.0032009 -0.011123 0.99993 -0.0034802 -0.0030539 0.070622
9 0.99998 0.0035367 -0.0061188 -0.0034724 0.99994 0.010499 0.0061556 -0.010477 0.99993 -0.0047459 -0.0016919 0.078578
10 0.99994 0.0047213 -0.0097898 -0.0046242 0.99994 0.0099237 0.0098361 -0.0098779 0.9999 -0.0049718 -0.0009427 0.086426
11 0.99991 0.0048544 -0.012465 -0.004733 0.99994 0.0097538 0.012511 -0.009694 0.99987 -0.0056748 -0.0005093 0.0938
12 0.99985 0.0054568 -0.016199 -0.0052929 0.99993 0.010145 0.016254 -0.010058 0.99982 -0.0059975 0.0001029 0.099891
13 0.99979 0.0061954 -0.01939 -0.0059697 0.99991 0.011677 0.01946 -0.011559 0.99974 -0.006323 0.0004208 0.10597
14 0.99971 0.0066544 -0.023142 -0.00637 0.9999 0.012342 0.023222 -0.012191 0.99966 -0.0062146 0.0009328 0.11097
15 0.99964 0.0054583 -0.026176 -0.005135 0.99991 0.012404 0.026241 -0.012266 0.99958 -0.0063878 0.0010511 0.11525
16 0.99955 0.0047632 -0.029776 -0.0044248 0.99992 0.011417 0.029828 -0.01128 0.99949 -0.0068638 0.0013592 0.12018
17 0.99945 0.003843 -0.033027 -0.0035175 0.99994 0.0099083 0.033064 -0.0097867 0.99941 -0.0075951 0.0019259 0.12573
18 0.99934 0.0045626 -0.036068 -0.0041715 0.99993 0.01091 0.036116 -0.010752 0.99929 -0.0096455 0.0010871 0.13187
19 0.99912 0.0050895 -0.041678 -0.0045857 0.99992 0.012175 0.041736 -0.011973 0.99906 -0.010715 0.0006852 0.13943
20 0.99887 0.0063998 -0.047096 -0.0058164 0.9999 0.012513 0.047171 -0.012225 0.99881 -0.012075 0.0018478 0.14791
21 0.99854 0.007351 -0.053527 -0.0065259 0.99986 0.015574 0.053634 -0.015202 0.99845 -0.012836 0.0003258 0.15741
22 0.99816 0.00932 -0.059894 -0.00832 0.99982 0.016924 0.060041 -0.016394 0.99806 -0.014478 0.0005679 0.16736
23 0.9979 0.010799 -0.063862 -0.0096535 0.99979 0.018225 0.064046 -0.01757 0.99779 -0.017675 0.0001912 0.17545
24 0.99747 0.011895 -0.07003 -0.010648 0.99978 0.018154 0.07023 -0.017362 0.99738 -0.018997 0.000198 0.18665
25 0.99703 0.014113 -0.075688 -0.012841 0.99977 0.01727 0.075914 -0.016247 0.99698 -0.021796 0.0012228 0.19834
26 0.99655 0.015306 -0.081562 -0.013967 0.99976 0.016961 0.081802 -0.015763 0.99652 -0.024166 0.0011191 0.21169
27 0.99608 0.016338 -0.08694 -0.014931 0.99975 0.016811 0.087193 -0.015447 0.99607 -0.02643 0.0010424 0.2262
28 0.99568 0.016822 -0.091345 -0.015446 0.99976 0.015743 0.091587 -0.014264 0.99569 -0.029248 0.0016563 0.24298
29 0.99526 0.016717 -0.095833 -0.015289 0.99976 0.015615 0.096071 -0.014076 0.99528 -0.030763 0.0016827 0.26092
30 0.99485 0.016227 -0.10008 -0.014652 0.99976 0.016448 0.10032 -0.014897 0.99484 -0.033653 0.001217 0.27891
31 0.99437 0.014467 -0.10501 -0.012682 0.99976 0.01765 0.10524 -0.016219 0.99431 -0.036097 0.0011079 0.30006
32 0.99371 0.013686 -0.11115 -0.011716 0.99976 0.018357 0.11138 -0.01694 0.99363 -0.038276 0.0008014 0.32509
33 0.99318 0.01311 -0.11589 -0.011165 0.99979 0.017414 0.11609 -0.016001 0.99311 -0.042014 0.000734 0.34968
34 0.99266 0.012847 -0.12027 -0.011049 0.99982 0.015603 0.12045 -0.014159 0.99262 -0.046306 0.0008426 0.37441
35 0.99212 0.012401 -0.12465 -0.010592 0.99983 0.015159 0.12482 -0.013719 0.99208 -0.050901 0.0010253 0.4008
36 0.99142 0.01021 -0.13035 -0.0084527 0.99987 0.01403 0.13048 -0.012807 0.99137 -0.055242 0.0016988 0.42901
37 0.99059 0.0071512 -0.1367 -0.0055534 0.99991 0.012066 0.13678 -0.011193 0.99054 -0.059599 0.002045 0.45755
38 0.98969 0.0051483 -0.14315 -0.0039539 0.99995 0.0086271 0.14319 -0.0079721 0.98966 -0.064813 0.0027691 0.48673
39 0.9889 0.005909 -0.14845 -0.0054049 0.99998 0.0037987 0.14847 -0.0029542 0.98891 -0.071464 0.0035283 0.51683
40 0.98793 0.0084579 -0.15467 -0.0083182 0.99996 0.0015499 0.15467 -0.0002446 0.98797 -0.078356 0.0038102 0.54821
41 0.98676 0.007182 -0.16203 -0.0068148 0.99997 0.002822 0.16204 -0.0016804 0.98678 -0.083967 0.003843 0.58005
42 0.98601 0.0031752 -0.16665 -0.0023366 0.99998 0.0052279 0.16666 -0.0047654 0.986 -0.091923 0.0045317 0.61283
43 0.98484 0.0001025 -0.17346 0.0011628 0.99997 0.0071928 0.17346 -0.0072855 0.98481 -0.097722 0.0039719 0.65106
44 0.98378 -0.0010829 -0.17938 0.0026385 0.99996 0.0084341 0.17936 -0.0087706 0.98374 -0.10399 0.0030306 0.68977
45 0.98301 -0.0028536 -0.18354 0.0043734 0.99996 0.0078759 0.18351 -0.0085448 0.98298 -0.11003 0.0026137 0.72254
46 0.98265 -0.0042572 -0.18542 0.0055949 0.99996 0.0066919 0.18538 -0.0076132 0.98264 -0.11754 0.0024818 0.76084
47 0.98233 -0.0037588 -0.18711 0.0049397 0.99997 0.0058452 0.18708 -0.0066662 0.98232 -0.12417 0.002146 0.79639
48 0.98257 -0.0015247 -0.18589 0.0026412 0.99998 0.0057584 0.18588 -0.006149 0.98255 -0.13252 0.0017786 0.83544
49 0.98302 -0.0008766 -0.18348 0.001857 0.99998 0.0051714 0.18347 -0.0054243 0.98301 -0.13812 0.0013994 0.87206
50 0.98413 -0.0008982 -0.17744 0.0013143 1 0.0022271 0.17744 -0.0024249 0.98413 -0.14537 0.0018289 0.91077
51 0.98523 0.0031029 -0.17121 -0.0030274 1 0.0007023 0.17122 -0.0001736 0.98523 -0.15252 0.0016579 0.95083
52 0.98641 0.0046305 -0.16427 -0.0047559 0.99999 -0.0003703 0.16426 0.0011465 0.98642 -0.15989 0.0016544 0.99128
53 0.98721 0.0032861 -0.15938 -0.0034025 0.99999 -0.0004576 0.15938 0.000994 0.98722 -0.16459 0.0009766 1.0285
54 0.98834 -0.0020111 -0.15222 0.0020235 1 -7.34e-05 0.15222 -0.0002354 0.98835 -0.16992 0.0004507 1.0693
55 0.98922 -0.0061125 -0.14631 0.0061603 0.99998 -0.0001265 0.14631 -0.0007762 0.98924 -0.17379 0.0002434 1.108
56 0.99026 -0.0065234 -0.13905 0.0065621 0.99998 -0.0001798 0.13905 -0.0007344 0.99029 -0.179 -0.0002853 1.149
57 0.99126 -0.0037152 -0.1319 0.0037001 0.99999 -0.0003601 0.1319 -0.0001311 0.99126 -0.1849 -0.001269 1.1886
58 0.992 -0.0002012 -0.12621 0.0001044 1 -0.0007736 0.12621 0.0007543 0.992 -0.19 -0.0014653 1.2302
59 0.99276 0.0004087 -0.1201 -0.0004617 1 -0.0004129 0.1201 0.0004654 0.99276 -0.1947 -0.0021155 1.267
60 0.99335 -0.0001399 -0.11511 0.0001739 1 0.0002853 0.11511 -0.0003034 0.99335 -0.19818 -0.0026478 1.3084
61 0.99385 -0.0020966 -0.1107 0.0021588 1 0.0004423 0.1107 -0.0006785 0.99385 -0.20177 -0.0027171 1.349
62 0.99422 -0.005216 -0.10721 0.0053075 0.99999 0.0005687 0.1072 -0.0011345 0.99424 -0.20477 -0.0033009 1.3899
63 0.99457 -0.0092098 -0.10363 0.0092991 0.99996 0.0003778 0.10362 -0.0013394 0.99462 -0.20865 -0.0034105 1.4306
64 0.99486 -0.011257 -0.10067 0.011445 0.99993 0.0012959 0.10065 -0.0024414 0.99492 -0.21198 -0.0039496 1.4715
65 0.9951 -0.011102 -0.098295 0.01123 0.99994 0.0007558 0.09828 -0.001856 0.99516 -0.21588 -0.0043434 1.512
66 0.99543 -0.0095053 -0.094985 0.0095645 0.99995 0.0001683 0.094979 -0.001076 0.99548 -0.21899 -0.0047479 1.5513
67 0.99584 -0.0059969 -0.090899 0.0059105 0.99998 -0.0012194 0.090904 0.0006771 0.99586 -0.22387 -0.005561 1.5875
68 0.99617 -0.0051087 -0.08725 0.0049859 0.99999 -0.0016255 0.087258 0.0011843 0.99619 -0.22625 -0.0067338 1.6229
69 0.99664 -0.0056058 -0.081712 0.0053915 0.99998 -0.0028435 0.081726 0.0023934 0.99665 -0.22938 -0.0069417 1.6553
70 0.99706 -0.0081056 -0.076261 0.0078172 0.99996 -0.0040789 0.076291 0.0034708 0.99708 -0.23049 -0.0075121 1.6869
71 0.99735 -0.010457 -0.07202 0.010123 0.99994 -0.0050009 0.072067 0.0042585 0.99739 -0.23199 -0.0077075 1.7157
72 0.9976 -0.012906 -0.068068 0.012483 0.9999 -0.0066308 0.068147 0.0057651 0.99766 -0.23295 -0.0079456 1.7435
73 0.99788 -0.013328 -0.063746 0.012845 0.99989 -0.0079727 0.063845 0.0071369 0.99793 -0.23375 -0.0083202 1.7681
74 0.99815 -0.011536 -0.059772 0.011018 0.9999 -0.0089808 0.05987 0.0083055 0.99817 -0.23522 -0.008675 1.7913
75 0.9983 -0.010469 -0.057283 0.0099637 0.99991 -0.0090981 0.057373 0.0085119 0.99832 -0.23596 -0.0096828 1.806
76 0.99847 -0.01096 -0.054278 0.010446 0.9999 -0.0097561 0.054379 0.0091742 0.99848 -0.23629 -0.0098684 1.8244
77 0.99862 -0.01098 -0.051365 0.010464 0.99989 -0.010289 0.051472 0.0097375 0.99863 -0.23667 -0.009928 1.8405
78 0.99874 -0.010077 -0.049146 0.0096205 0.99991 -0.0095132 0.049237 0.0090284 0.99875 -0.23739 -0.010725 1.8524
79 0.99883 -0.0077948 -0.047688 0.0073373 0.99993 -0.0097615 0.04776 0.0094002 0.99881 -0.23832 -0.011152 1.8631
80 0.9989 -0.0069922 -0.046384 0.0064508 0.99991 -0.011812 0.046463 0.0115 0.99885 -0.23874 -0.011534 1.8714
81 0.99897 -0.0078075 -0.044806 0.0071482 0.99986 -0.014854 0.044916 0.014518 0.99889 -0.23896 -0.011497 1.8805
82 0.99899 -0.0089275 -0.043995 0.0081866 0.99982 -0.016993 0.044139 0.016616 0.99889 -0.23954 -0.012199 1.8893
83 0.99899 -0.010067 -0.043772 0.0092948 0.9998 -0.017798 0.043943 0.017373 0.99888 -0.23969 -0.012729 1.8989
84 0.99897 -0.010032 -0.04425 0.0092387 0.99979 -0.018094 0.044422 0.017667 0.99886 -0.24027 -0.012686 1.9088
85 0.99893 -0.0097268 -0.045239 0.0089124 0.9998 -0.01817 0.045407 0.017747 0.99881 -0.24142 -0.012859 1.9187
86 0.99881 -0.0093936 -0.047785 0.0085268 0.9998 -0.018312 0.047947 0.017882 0.99869 -0.24206 -0.01343 1.9289
87 0.99863 -0.0094653 -0.051386 0.0085522 0.9998 -0.017959 0.051545 0.017495 0.99852 -0.24338 -0.014154 1.9395
88 0.99838 -0.0094595 -0.056148 0.0084413 0.9998 -0.018343 0.05631 0.017839 0.99825 -0.24445 -0.013963 1.9505
89 0.99807 -0.010262 -0.061254 0.00914 0.99979 -0.018569 0.061431 0.017973 0.99795 -0.2456 -0.014154 1.9615
90 0.99773 -0.010326 -0.066571 0.0090913 0.99978 -0.018824 0.066751 0.018176 0.9976 -0.24696 -0.014263 1.9728
91 0.99734 -0.0099617 -0.072182 0.0086137 0.99978 -0.018962 0.072355 0.01829 0.99721 -0.24854 -0.014562 1.9847
92 0.99688 -0.0091941 -0.078372 0.0076987 0.99978 -0.019361 0.078533 0.018697 0.99674 -0.2498 -0.01485 1.9972
93 0.99638 -0.0090949 -0.084527 0.007394 0.99976 -0.020414 0.084692 0.019715 0.99621 -0.25178 -0.014953 2.0103
94 0.99578 -0.0096532 -0.091273 0.0077598 0.99975 -0.021076 0.091454 0.020279 0.9956 -0.25411 -0.015594 2.0238
95 0.99509 -0.0099802 -0.0985 0.0078832 0.99973 -0.021656 0.09869 0.020773 0.9949 -0.25626 -0.015794 2.0389
96 0.99426 -0.010313 -0.10648 0.0080437 0.99973 -0.021721 0.10667 0.020739 0.99408 -0.25811 -0.016339 2.0546
97 0.99341 -0.0090481 -0.11426 0.0065718 0.99974 -0.022031 0.11443 0.021135 0.99321 -0.26201 -0.01696 2.0719
98 0.99238 -0.0086227 -0.12288 0.0058844 0.99973 -0.022629 0.12304 0.021733 0.99216 -0.26479 -0.017178 2.0901
99 0.99127 -0.0091492 -0.13154 0.0062481 0.99973 -0.022452 0.13171 0.021434 0.99106 -0.26808 -0.017864 2.1097
100 0.99011 -0.0087593 -0.14003 0.0057463 0.99974 -0.021907 0.14018 0.020886 0.98991 -0.27218 -0.018014 2.1306
101 0.98894 -0.0081364 -0.14811 0.0051345 0.99977 -0.020639 0.14825 0.01965 0.98876 -0.27584 -0.018658 2.1493
102 0.98774 -0.0075199 -0.15593 0.0044509 0.99979 -0.020022 0.15605 0.019083 0.98757 -0.28013 -0.018728 2.1726
103 0.98662 -0.0083379 -0.16281 0.0052897 0.9998 -0.019147 0.16294 0.01803 0.98647 -0.28532 -0.019673 2.1972
104 0.98551 -0.0081833 -0.1694 0.0050774 0.99981 -0.018759 0.16952 0.017628 0.98537 -0.29023 -0.020502 2.2231
105 0.98453 -0.0077535 -0.17507 0.0045986 0.99982 -0.01842 0.17518 0.01733 0.98438 -0.29698 -0.021444 2.249
106 0.98366 -0.0065371 -0.17992 0.0032715 0.99982 -0.018441 0.18001 0.017551 0.98351 -0.30292 -0.022041 2.2775
107 0.98311 -0.0066498 -0.18289 0.0032354 0.99982 -0.018961 0.18299 0.018049 0.98295 -0.30879 -0.022503 2.307
108 0.98289 -0.005412 -0.18412 0.0020317 0.99983 -0.018543 0.18419 0.017851 0.98273 -0.31499 -0.023794 2.3391
109 0.98304 -0.0041294 -0.18334 0.0007299 0.99983 -0.018606 0.18338 0.018157 0.98287 -0.32108 -0.02464 2.3722
110 0.98346 -0.0043344 -0.18109 0.0008384 0.99981 -0.019377 0.18114 0.018905 0.98327 -0.32827 -0.02584 2.4057
111 0.98364 -0.0059865 -0.18004 0.0022705 0.99978 -0.020838 0.18013 0.020089 0.98344 -0.33412 -0.026534 2.4424
112 0.98385 -0.0073 -0.17885 0.0035139 0.99976 -0.021476 0.17897 0.020501 0.98364 -0.34117 -0.027481 2.4805
113 0.98409 -0.0066443 -0.17753 0.0030913 0.99979 -0.020283 0.17763 0.019411 0.98391 -0.34848 -0.028203 2.519
114 0.98424 -0.0057483 -0.17676 0.0027028 0.99984 -0.017465 0.17684 0.016712 0.9841 -0.35548 -0.028687 2.5609
115 0.98438 -0.0046373 -0.17602 0.0022259 0.9999 -0.013894 0.17607 0.013285 0.98429 -0.36282 -0.029767 2.6028
116 0.9846 -0.0044737 -0.17475 0.0028039 0.99995 -0.0098009 0.17479 0.00916 0.98456 -0.37076 -0.03069 2.647
117 0.98483 -0.0036838 -0.17349 0.0027329 0.99998 -0.00572 0.17351 0.0051591 0.98482 -0.37839 -0.031501 2.6908
118 0.98496 -0.0044356 -0.17271 0.0040289 0.99999 -0.0027052 0.17272 0.0019687 0.98497 -0.38565 -0.032775 2.7349
119 0.98529 -0.0042739 -0.17085 0.0040753 0.99999 -0.0015131 0.17085 0.0007946 0.9853 -0.39428 -0.033709 2.7792
120 0.98539 -0.0043841 -0.17027 0.004113 0.99999 -0.001945 0.17028 0.0012162 0.9854 -0.40077 -0.034189 2.8224
121 0.98556 -0.0033919 -0.16931 0.0029562 0.99999 -0.0028255 0.16932 0.0022842 0.98556 -0.40862 -0.034936 2.8668
122 0.98583 -0.004329 -0.1677 0.0036689 0.99998 -0.0042461 0.16772 0.0035707 0.98583 -0.41692 -0.034999 2.9109
123 0.98607 -0.0052143 -0.16628 0.0044214 0.99998 -0.0051387 0.1663 0.0043319 0.98607 -0.42455 -0.035673 2.9558
124 0.98633 -0.0050837 -0.16472 0.0041957 0.99997 -0.0057386 0.16475 0.004969 0.98632 -0.43218 -0.036344 3.0013
125 0.98658 -0.0052493 -0.16318 0.0042799 0.99997 -0.0062919 0.16321 0.0055091 0.98658 -0.43929 -0.03682 3.0462
126 0.98703 -0.004962 -0.16048 0.0040939 0.99998 -0.0057399 0.1605 0.0050085 0.98702 -0.44657 -0.037844 3.0917
127 0.98762 -0.0049221 -0.15681 0.0042239 0.99998 -0.0047854 0.15683 0.0040638 0.98762 -0.45413 -0.038352 3.1379
128 0.98807 -0.005778 -0.15392 0.0052137 0.99998 -0.0040696 0.15394 0.0032185 0.98807 -0.46067 -0.039209 3.1843
129 0.98864 -0.0055645 -0.15017 0.0049964 0.99998 -0.0041599 0.15019 0.0033624 0.98865 -0.46887 -0.040028 3.2291
130 0.98919 -0.0052409 -0.14657 0.004639 0.99998 -0.004448 0.14659 0.00372 0.98919 -0.4758 -0.041035 3.2748
131 0.98969 -0.003751 -0.14317 0.002956 0.99998 -0.0057649 0.14319 0.0052823 0.98968 -0.48263 -0.041582 3.3201
132 0.99008 -0.003981 -0.14043 0.0031425 0.99998 -0.0061922 0.14045 0.0056895 0.99007 -0.48862 -0.042514 3.3651
133 0.9906 -0.0035235 -0.13676 0.0026858 0.99998 -0.0063099 0.13678 0.0058833 0.99058 -0.49508 -0.043341 3.4097
134 0.9911 -0.0039442 -0.13308 0.0030728 0.99997 -0.0067525 0.1331 0.0062835 0.99108 -0.50052 -0.044004 3.453
135 0.99164 -0.0040728 -0.12896 0.0029602 0.99996 -0.008818 0.12899 0.0083626 0.99161 -0.50622 -0.044838 3.4975
136 0.99212 -0.0037169 -0.12525 0.0024174 0.99994 -0.010525 0.12528 0.010139 0.99207 -0.51098 -0.045762 3.5422
137 0.99269 -0.0039441 -0.12065 0.0026171 0.99993 -0.011155 0.12069 0.010758 0.99263 -0.51603 -0.046802 3.5845
138 0.99323 -0.0041563 -0.11611 0.0028738 0.99993 -0.01121 0.11615 0.010801 0.99317 -0.521 -0.048127 3.6273
139 0.99366 -0.0034185 -0.11239 0.0020568 0.99992 -0.01223 0.11242 0.011921 0.99359 -0.52509 -0.049225 3.6703
140 0.99413 -0.0016178 -0.10815 0.0001773 0.99991 -0.013329 0.10816 0.013232 0.99405 -0.53106 -0.050269 3.7135
141 0.99447 -0.0009476 -0.10506 -0.0004752 0.99991 -0.013518 0.10506 0.013493 0.99437 -0.53595 -0.051057 3.7562
142 0.99473 -0.0021589 -0.10247 0.000907 0.99992 -0.012261 0.10249 0.012104 0.99466 -0.54007 -0.052341 3.7991
143 0.99494 -0.0035249 -0.10039 0.0023416 0.99993 -0.011902 0.10042 0.011607 0.99488 -0.54324 -0.052834 3.8415
144 0.99517 -0.0039133 -0.09808 0.002726 0.99992 -0.012236 0.09812 0.011909 0.9951 -0.54757 -0.053623 3.8843
145 0.99535 -0.0036504 -0.09628 0.0024698 0.99992 -0.012379 0.096318 0.012084 0.99528 -0.55155 -0.054894 3.9273
146 0.99553 -0.0006847 -0.094408 -0.0004888 0.99992 -0.012406 0.094409 0.012397 0.99546 -0.55652 -0.056245 3.9698
147 0.99574 0.0023676 -0.092142 -0.0036643 0.9999 -0.013906 0.0921 0.014185 0.99565 -0.56149 -0.056482 4.0136
148 0.9959 0.0056931 -0.090287 -0.007129 0.99985 -0.01559 0.090185 0.01617 0.99579 -0.56631 -0.057854 4.0568
149 0.99607 0.0057516 -0.088367 -0.0073458 0.99982 -0.017726 0.088249 0.018305 0.99593 -0.57101 -0.058916 4.1005
150 0.99614 0.0064013 -0.087586 -0.0082388 0.99975 -0.020634 0.087432 0.021276 0.99594 -0.57471 -0.05943 4.1441
151 0.99619 0.0032226 -0.087184 -0.0050432 0.99977 -0.020671 0.087098 0.021032 0.99598 -0.57798 -0.060528 4.1884
152 0.99623 0.0021788 -0.086692 -0.0037231 0.99984 -0.017655 0.086639 0.017911 0.99608 -0.58199 -0.061214 4.2334
153 0.99632 0.0009538 -0.085688 -0.0019368 0.99993 -0.011389 0.085672 0.011513 0.99626 -0.58642 -0.062368 4.2778
154 0.99641 0.0020242 -0.084647 -0.002445 0.99999 -0.0048671 0.084636 0.0050566 0.9964 -0.59111 -0.063006 4.3231
155 0.99642 0.0037935 -0.084486 -0.0038622 0.99999 -0.0006501 0.084483 0.0009741 0.99642 -0.59504 -0.064101 4.3681
156 0.99649 0.0054862 -0.083576 -0.0053807 0.99998 0.0014872 0.083583 -0.0010323 0.9965 -0.60003 -0.065428 4.4113
157 0.99654 0.0073175 -0.082755 -0.0069869 0.99997 0.0042846 0.082784 -0.0036916 0.99656 -0.60414 -0.066647 4.4553
158 0.99659 0.0053265 -0.082298 -0.0049137 0.99997 0.0052165 0.082324 -0.0047944 0.99659 -0.60606 -0.066839 4.4991
159 0.99663 0.001853 -0.08201 -0.0014137 0.99998 0.0054143 0.082018 -0.0052801 0.99662 -0.60785 -0.067165 4.543
160 0.99674 -0.0019276 -0.080699 0.0021817 0.99999 0.0030606 0.080693 -0.0032267 0.99673 -0.61121 -0.067179 4.5861
161 0.99686 -0.0041387 -0.079045 0.0041594 0.99999 9.71e-05 0.079044 -0.0004255 0.99687 -0.61493 -0.066778 4.6281
162 0.99713 -0.0050465 -0.075581 0.005066 0.99999 6.58e-05 0.07558 -0.0004485 0.99714 -0.61844 -0.067442 4.6716
163 0.99735 -0.0027694 -0.072729 0.0029168 0.99999 0.0019209 0.072723 -0.002128 0.99735 -0.622 -0.068454 4.7144
164 0.99755 -0.0012392 -0.069888 0.0013752 1 0.0018978 0.069885 -0.0019892 0.99755 -0.62541 -0.069101 4.7573
165 0.99769 -0.0019917 -0.067903 0.0020057 1 0.0001392 0.067902 -0.000275 0.99769 -0.62622 -0.069318 4.7991
166 0.99791 -0.0039398 -0.064427 0.0038805 0.99999 -0.0010453 0.06443 0.0007931 0.99792 -0.62877 -0.070042 4.8406
167 0.99811 -0.0052878 -0.061182 0.0051996 0.99999 -0.0016011 0.061189 0.00128 0.99813 -0.63107 -0.070226 4.8812
168 0.99832 -0.0045182 -0.057696 0.0044557 0.99999 -0.0012127 0.057701 0.0009536 0.99833 -0.63372 -0.071388 4.9228
169 0.99845 -0.0047901 -0.055459 0.0046788 0.99999 -0.0021356 0.055469 0.0018728 0.99846 -0.63507 -0.071751 4.9647
170 0.9986 -0.0057773 -0.052629 0.0055865 0.99998 -0.0037721 0.05265 0.0034728 0.99861 -0.63668 -0.071531 5.0059
171 0.99876 -0.0058948 -0.049476 0.0057163 0.99998 -0.0037477 0.049497 0.0034603 0.99877 -0.6383 -0.073492 5.0469
172 0.99891 -0.0053195 -0.046391 0.0050578 0.99997 -0.0057554 0.046421 0.0055145 0.99891 -0.6404 -0.072975 5.0875
173 0.99901 -0.0046412 -0.044228 0.0043294 0.99997 -0.0071433 0.044259 0.0069448 0.999 -0.64267 -0.07398 5.1285
174 0.99905 -0.0046672 -0.043273 0.0042902 0.99995 -0.0088014 0.043312 0.0086074 0.99902 -0.64415 -0.074604 5.1687
175 0.99908 -0.0040575 -0.042606 0.0036324 0.99994 -0.01005 0.042645 0.0098863 0.99904 -0.64652 -0.075711 5.2084
176 0.99908 -0.0045362 -0.042557 0.0040513 0.99993 -0.011474 0.042606 0.011291 0.99903 -0.64801 -0.076453 5.2468
177 0.99911 -0.0055609 -0.041931 0.0050498 0.99991 -0.012285 0.041996 0.012063 0.99905 -0.64973 -0.077433 5.2859
178 0.99912 -0.0073652 -0.041353 0.00686 0.9999 -0.012346 0.04144 0.012052 0.99907 -0.6512 -0.077696 5.3249
179 0.99912 -0.0077804 -0.041254 0.0073093 0.99991 -0.011558 0.04134 0.011246 0.99908 -0.65222 -0.078463 5.3632
180 0.99913 -0.0077363 -0.040929 0.0072834 0.99991 -0.011203 0.041012 0.010895 0.9991 -0.6536 -0.079512 5.4014
181 0.99913 -0.0063369 -0.041328 0.0058887 0.99992 -0.010958 0.041395 0.010706 0.99909 -0.65545 -0.080448 5.4387
182 0.99909 -0.0053865 -0.04233 0.0049379 0.99993 -0.010696 0.042385 0.010477 0.99905 -0.65675 -0.081528 5.4759
183 0.99905 -0.0049144 -0.043223 0.0044543 0.99993 -0.010734 0.043273 0.010532 0.99901 -0.65831 -0.08272 5.5113
184 0.99901 -0.0052497 -0.044118 0.0047578 0.99993 -0.011249 0.044174 0.011028 0.99896 -0.65943 -0.083888 5.5468
185 0.99898 -0.0052502 -0.044761 0.0046895 0.99991 -0.012623 0.044823 0.0124 0.99892 -0.66136 -0.084292 5.5812
186 0.99893 -0.0060233 -0.045947 0.0053756 0.99988 -0.014207 0.046027 0.013945 0.99884 -0.66331 -0.08517 5.6149
187 0.99883 -0.0067472 -0.047971 0.0059822 0.99985 -0.016074 0.048072 0.015768 0.99872 -0.6649 -0.08632 5.6484
188 0.99869 -0.0077062 -0.05068 0.006838 0.99983 -0.017282 0.050804 0.016913 0.99857 -0.66685 -0.086852 5.6816
189 0.99858 -0.0075929 -0.05273 0.0066812 0.99983 -0.017444 0.052853 0.017067 0.99846 -0.6687 -0.087508 5.7146
190 0.99848 -0.0067051 -0.054784 0.0057609 0.99983 -0.017375 0.054891 0.017032 0.99835 -0.67096 -0.088602 5.7485
191 0.99837 -0.0060291 -0.05672 0.0050241 0.99983 -0.017844 0.056818 0.01753 0.99823 -0.67282 -0.089221 5.7802
192 0.99828 -0.0056522 -0.058395 0.0046254 0.99983 -0.017703 0.058486 0.017403 0.99814 -0.67486 -0.090307 5.8127
193 0.99819 -0.005288 -0.059979 0.0042488 0.99984 -0.017442 0.060061 0.017155 0.99805 -0.67644 -0.091553 5.8438
194 0.99809 -0.0045074 -0.061556 0.0034932 0.99986 -0.016573 0.061622 0.016326 0.99797 -0.67818 -0.092255 5.875
195 0.99798 -0.0046773 -0.063413 0.0037396 0.99988 -0.014898 0.063475 0.01463 0.99788 -0.67916 -0.093013 5.9053
196 0.9979 -0.0052342 -0.064565 0.0044108 0.99991 -0.012889 0.064626 0.012577 0.99783 -0.68243 -0.093511 5.936
197 0.99774 -0.0065178 -0.066864 0.0057675 0.99992 -0.011408 0.066933 0.010996 0.9977 -0.68458 -0.094042 5.9647
198 0.99753 -0.0074004 -0.069805 0.006668 0.99992 -0.010719 0.069878 0.010227 0.9975 -0.68737 -0.094924 5.995
199 0.99725 -0.0074219 -0.073763 0.0066996 0.99993 -0.010035 0.073832 0.0095133 0.99723 -0.68986 -0.09548 6.0246
200 0.99693 -0.006594 -0.077994 0.0059182 0.99994 -0.0088931 0.078048 0.0084042 0.99691 -0.69278 -0.096285 6.0538
201 0.99666 -0.0056253 -0.081409 0.0049948 0.99996 -0.0079467 0.08145 0.0075136 0.99665 -0.69735 -0.096834 6.0818
202 0.99629 -0.0046427 -0.085948 0.0041096 0.99997 -0.0063783 0.085975 0.0060015 0.99628 -0.70043 -0.097479 6.111
203 0.99592 -0.0046888 -0.090108 0.0042442 0.99998 -0.0051253 0.09013 0.0047219 0.99592 -0.70355 -0.097904 6.1395
204 0.99556 -0.0048784 -0.094036 0.0044669 0.99998 -0.0045866 0.094057 0.0041461 0.99556 -0.70651 -0.098761 6.1671
205 0.99514 -0.0053274 -0.098276 0.0048565 0.99998 -0.0050304 0.0983 0.0045287 0.99515 -0.7098 -0.098967 6.1953
206 0.99474 -0.0050695 -0.10233 0.0045163 0.99997 -0.0056368 0.10236 0.005145 0.99473 -0.71301 -0.099581 6.2231
207 0.99435 -0.004678 -0.10604 0.0040777 0.99997 -0.0058767 0.10607 0.0054111 0.99434 -0.71636 -0.10033 6.2506
208 0.99401 -0.0040819 -0.10924 0.0034487 0.99998 -0.0059843 0.10926 0.0055717 0.994 -0.71997 -0.10071 6.2774
209 0.99368 -0.0048294 -0.11213 0.0042202 0.99998 -0.0056694 0.11215 0.0051604 0.99368 -0.72308 -0.10103 6.3053
210 0.99352 -0.004536 -0.11357 0.0039858 0.99998 -0.0050715 0.11359 0.004586 0.99352 -0.72629 -0.10195 6.3315
211 0.99336 -0.0044466 -0.11492 0.0039173 0.99998 -0.0048315 0.11494 0.0043492 0.99336 -0.72918 -0.10232 6.3587
212 0.99337 -0.0048877 -0.1149 0.0043909 0.99998 -0.0045767 0.11492 0.0040418 0.99337 -0.7325 -0.10244 6.3853
213 0.99334 -0.0058621 -0.11507 0.0053622 0.99997 -0.0046532 0.1151 0.0040051 0.99335 -0.7355 -0.10289 6.4127
214 0.99326 -0.0067573 -0.11574 0.0063076 0.99997 -0.0042518 0.11576 0.0034931 0.99327 -0.7381 -0.10323 6.4401
215 0.9931 -0.0080845 -0.11699 0.007717 0.99996 -0.003594 0.11701 0.0026664 0.99313 -0.74145 -0.1037 6.4673
216 0.99289 -0.0086282 -0.11875 0.0083474 0.99996 -0.0028622 0.11877 0.0018506 0.99292 -0.74495 -0.10455 6.4946
217 0.99262 -0.0080952 -0.12102 0.0078231 0.99997 -0.0027234 0.12104 0.0017565 0.99265 -0.74907 -0.10498 6.5222
218 0.99228 -0.0077959 -0.12374 0.0074676 0.99997 -0.0031165 0.12376 0.0021684 0.99231 -0.75261 -0.1054 6.5489
219 0.99197 -0.0071113 -0.12626 0.0067484 0.99997 -0.0033015 0.12628 0.0024229 0.99199 -0.75648 -0.1059 6.5762
220 0.99163 -0.0067213 -0.12892 0.00634 0.99997 -0.0033679 0.12894 0.0025223 0.99165 -0.76037 -0.10631 6.6033
221 0.99132 -0.0062336 -0.13134 0.005828 0.99998 -0.0034726 0.13136 0.002677 0.99133 -0.76449 -0.10678 6.6301
222 0.99104 -0.0057291 -0.13346 0.0053513 0.99998 -0.0031895 0.13348 0.0024467 0.99105 -0.76879 -0.107 6.657
223 0.99078 -0.0059917 -0.13535 0.0056343 0.99998 -0.0030231 0.13537 0.0022326 0.99079 -0.77257 -0.1075 6.683
224 0.99056 -0.0071615 -0.13688 0.0066898 0.99997 -0.0039054 0.13691 0.0029528 0.99058 -0.77636 -0.10771 6.7096
225 0.99042 -0.0076568 -0.13789 0.0070712 0.99996 -0.0047364 0.13792 0.003716 0.99044 -0.7807 -0.10805 6.736
226 0.99027 -0.0079838 -0.13896 0.0072939 0.99996 -0.0054735 0.13899 0.0044067 0.99028 -0.78463 -0.10839 6.763
227 0.99018 -0.0081549 -0.13958 0.0074643 0.99996 -0.0054707 0.13962 0.0043751 0.9902 -0.78858 -0.10904 6.7897
228 0.99027 -0.0074495 -0.13894 0.0068156 0.99996 -0.0050371 0.13897 0.0040411 0.99029 -0.79306 -0.10985 6.8159
229 0.99041 -0.007164 -0.138 0.0065823 0.99997 -0.0046709 0.13803 0.0037177 0.99042 -0.79691 -0.11004 6.8429
230 0.99057 -0.0075871 -0.13677 0.0070792 0.99997 -0.0041998 0.1368 0.003192 0.99059 -0.8 -0.11046 6.8696
231 0.99084 -0.0068914 -0.13486 0.006442 0.99997 -0.0037682 0.13488 0.002865 0.99086 -0.80381 -0.11088 6.8964
232 0.99109 -0.0066457 -0.13301 0.006193 0.99997 -0.0038172 0.13303 0.0029595 0.99111 -0.80673 -0.11134 6.9236
233 0.99144 -0.0061582 -0.13041 0.0055186 0.99997 -0.0052653 0.13044 0.0045005 0.99145 -0.81013 -0.1119 6.9504
234 0.99189 -0.0064595 -0.12696 0.0056482 0.99996 -0.0067489 0.127 0.005977 0.99188 -0.81285 -0.11222 6.9764
235 0.99244 -0.0067866 -0.12257 0.0058983 0.99995 -0.0076083 0.12262 0.0068278 0.99243 -0.81602 -0.1128 7.0032
236 0.993 -0.0064583 -0.11796 0.0054608 0.99995 -0.0087775 0.11801 0.0080719 0.99298 -0.81982 -0.11345 7.0298
237 0.99343 -0.0063907 -0.11424 0.0052932 0.99994 -0.0099083 0.11429 0.0092386 0.9934 -0.82221 -0.11448 7.0562
238 0.99386 -0.0057797 -0.11051 0.0045647 0.99993 -0.011244 0.11057 0.01067 0.99381 -0.82467 -0.11484 7.0836
239 0.99424 -0.0062944 -0.10702 0.0049709 0.99991 -0.01263 0.10708 0.012025 0.99418 -0.82723 -0.11537 7.1102
240 0.99453 -0.0076558 -0.1042 0.0061953 0.99988 -0.014332 0.1043 0.013608 0.99445 -0.83048 -0.11603 7.1365
241 0.99467 -0.0089705 -0.10273 0.0073884 0.99985 -0.015771 0.10285 0.014928 0.99458 -0.83257 -0.11686 7.1633
242 0.99472 -0.0093049 -0.10223 0.0075836 0.99982 -0.017213 0.10237 0.016347 0.99461 -0.83533 -0.11745 7.1902
243 0.99468 -0.0084813 -0.1027 0.0066752 0.99982 -0.017918 0.10283 0.017137 0.99455 -0.83858 -0.11845 7.2168
244 0.9946 -0.0076483 -0.10346 0.0057105 0.9998 -0.019013 0.10359 0.018319 0.99445 -0.84214 -0.11907 7.2434
245 0.99438 -0.0072418 -0.1056 0.0051873 0.99979 -0.019716 0.10572 0.019058 0.99421 -0.84478 -0.11966 7.2706
246 0.99414 -0.0074419 -0.10788 0.0054777 0.99981 -0.018492 0.108 0.017793 0.99399 -0.84805 -0.12027 7.2974
247 0.99376 -0.0096751 -0.11116 0.0078573 0.99983 -0.016779 0.11131 0.015801 0.99366 -0.85116 -0.12084 7.3244
248 0.99312 -0.011358 -0.11651 0.0094247 0.99981 -0.01713 0.11668 0.015914 0.99304 -0.85339 -0.12191 7.3515
249 0.99255 -0.010943 -0.12135 0.00879 0.99979 -0.018265 0.12152 0.017063 0.99244 -0.85846 -0.12224 7.3772
250 0.99195 -0.0080381 -0.12637 0.0057699 0.99982 -0.018305 0.12649 0.017429 0.99181 -0.86349 -0.12363 7.4032
251 0.99122 -0.0060848 -0.13207 0.0035403 0.9998 -0.019492 0.13216 0.018853 0.99105 -0.86649 -0.12374 7.4296
252 0.99058 -0.00377 -0.13686 0.0010648 0.9998 -0.019834 0.13691 0.019501 0.99039 -0.87093 -0.12463 7.4561
253 0.99005 -1.55e-05 -0.1407 -0.0029303 0.99978 -0.020729 0.14067 0.020935 0.98984 -0.87561 -0.12518 7.4824
254 0.98967 0.0037202 -0.1433 -0.0067046 0.99977 -0.020348 0.1432 0.021099 0.98947 -0.88045 -0.12651 7.5081
255 0.98934 0.004998 -0.14555 -0.0079141 0.99978 -0.019463 0.14542 0.020407 0.98916 -0.8845 -0.12698 7.5358
256 0.98922 0.0021209 -0.14643 -0.005015 0.9998 -0.019397 0.14636 0.019923 0.98903 -0.88805 -0.12791 7.5619
257 0.98924 -0.0015812 -0.14631 -0.0014124 0.99979 -0.020355 0.14631 0.020342 0.98903 -0.89218 -0.12826 7.5884
258 0.98928 -0.0041745 -0.14596 0.0012173 0.99979 -0.020343 0.14602 0.019947 0.98908 -0.89552 -0.12866 7.6157
259 0.98935 -0.0032906 -0.14551 0.0005622 0.99982 -0.018788 0.14555 0.018506 0.98918 -0.89953 -0.12957 7.6432
260 0.98956 0.0001893 -0.14413 -0.0026718 0.99985 -0.017031 0.14411 0.017238 0.98941 -0.90465 -0.13029 7.6684
261 0.98968 0.0003978 -0.14329 -0.0029031 0.99985 -0.017275 0.14326 0.017513 0.98953 -0.90881 -0.13141 7.6952
262 0.98972 -0.0008977 -0.143 -0.0017205 0.99983 -0.018185 0.14299 0.018244 0.98956 -0.91226 -0.13226 7.7226
263 0.98997 -0.0019881 -0.14124 -0.000543 0.99984 -0.017879 0.14125 0.017777 0.98981 -0.91633 -0.13275 7.7493
264 0.99015 0.0009578 -0.14002 -0.0032503 0.99986 -0.016145 0.13999 0.016441 0.99002 -0.9212 -0.13362 7.7766
265 0.9901 0.0044553 -0.1403 -0.006606 0.99987 -0.014868 0.14021 0.015647 0.99 -0.92469 -0.13451 7.8044
266 0.99017 0.0049652 -0.13977 -0.006878 0.99989 -0.013205 0.13969 0.014037 0.9901 -0.92928 -0.13501 7.832
267 0.99013 0.0062253 -0.14 -0.0081791 0.99988 -0.013385 0.1399 0.014398 0.99006 -0.93214 -0.1353 7.8599
268 0.9902 0.0081371 -0.1394 -0.010292 0.99984 -0.014745 0.13926 0.016036 0.99013 -0.93599 -0.13615 7.8876
269 0.99024 0.0099126 -0.13899 -0.012243 0.9998 -0.015922 0.1388 0.017469 0.99017 -0.94151 -0.1373 7.9155
270 0.99034 0.0099157 -0.13832 -0.012724 0.99973 -0.019436 0.13809 0.021008 0.9902 -0.94552 -0.1381 7.9434
271 0.99033 0.0077665 -0.13851 -0.010909 0.9997 -0.021941 0.1383 0.02324 0.99012 -0.94842 -0.139 7.9716
272 0.99031 0.004215 -0.13879 -0.0071318 0.99976 -0.020526 0.13867 0.021317 0.99011 -0.95235 -0.14057 7.9999
273 0.99036 -0.0008096 -0.13853 -0.0022653 0.99975 -0.022037 0.13852 0.022138 0.99011 -0.9548 -0.14117 8.0282
274 0.99044 -0.0047684 -0.13789 0.0014583 0.99971 -0.024096 0.13796 0.023665 0.99015 -0.95804 -0.14253 8.0565
275 0.99053 -0.0076557 -0.13706 0.0044044 0.9997 -0.024009 0.1372 0.023179 0.99027 -0.96374 -0.14316 8.0854
276 0.99058 -0.0079742 -0.13671 0.0048614 0.99972 -0.023089 0.13685 0.022206 0.99034 -0.96783 -0.14374 8.1149
277 0.99074 -0.0034897 -0.13574 0.0003661 0.99973 -0.02303 0.13578 0.022767 0.99048 -0.97246 -0.14378 8.1441
278 0.99077 0.0028716 -0.13551 -0.0059693 0.99973 -0.022459 0.13541 0.023061 0.99052 -0.97776 -0.14425 8.1725
279 0.99079 0.0079923 -0.13517 -0.011183 0.99968 -0.022859 0.13494 0.02416 0.99056 -0.98377 -0.14418 8.2023
280 0.99073 0.0071038 -0.13569 -0.0098178 0.99976 -0.019342 0.13552 0.020495 0.99056 -0.98749 -0.14609 8.2334
281 0.99056 0.0028067 -0.13702 -0.0046558 0.9999 -0.013177 0.13697 0.013691 0.99048 -0.98937 -0.14741 8.2639
282 0.99049 0.0029962 -0.13756 -0.0043228 0.99995 -0.0093467 0.13752 0.0098525 0.99045 -0.99442 -0.14741 8.2945
283 0.99033 0.006712 -0.13856 -0.0072508 0.99997 -0.0033843 0.13853 0.0043562 0.99035 -0.99842 -0.14882 8.3256
284 0.9904 0.0062266 -0.13807 -0.0061087 0.99998 0.0012776 0.13807 -0.000422 0.99042 -1.0031 -0.1495 8.3562
285 0.99053 0.0031767 -0.13725 -0.0029381 0.99999 0.0019416 0.13726 -0.00152 0.99053 -1.0066 -0.14946 8.3871
286 0.99075 0.0006488 -0.13573 -0.00025 1 0.0029549 0.13573 -0.0028936 0.99074 -1.0111 -0.14979 8.4179
287 0.99082 0.0033571 -0.13512 -0.0024954 0.99998 0.006546 0.13513 -0.0061488 0.99081 -1.015 -0.15019 8.4491
288 0.99104 0.0072284 -0.13338 -0.0062137 0.99995 0.0080224 0.13343 -0.0071217 0.99103 -1.021 -0.15082 8.479
289 0.99111 0.009343 -0.1327 -0.0079937 0.99991 0.010697 0.13279 -0.0095414 0.9911 -1.0254 -0.15148 8.5088
290 0.99122 0.0098879 -0.13183 -0.008385 0.99989 0.011951 0.13193 -0.010741 0.9912 -1.0291 -0.15151 8.5367
291 0.9913 0.0078333 -0.13139 -0.0064388 0.99992 0.011034 0.13146 -0.010093 0.99127 -1.0323 -0.15138 8.5635
292 0.99148 0.0064977 -0.13009 -0.0051373 0.99993 0.01079 0.13015 -0.01003 0.99144 -1.0354 -0.15141 8.5893
293 0.99164 0.0061226 -0.12893 -0.0049522 0.99994 0.0093965 0.12898 -0.0086794 0.99161 -1.039 -0.15126 8.6158
294 0.99163 0.007543 -0.12887 -0.0065704 0.99995 0.0079708 0.12893 -0.0070574 0.99163 -1.0434 -0.1516 8.6412
295 0.99163 0.0059026 -0.12897 -0.0052492 0.99997 0.0054053 0.12899 -0.0046831 0.99163 -1.0462 -0.15187 8.6671
296 0.99165 0.0044318 -0.12888 -0.0040887 0.99999 0.0029266 0.12889 -0.0023752 0.99166 -1.0499 -0.1522 8.6934
297 0.99149 0.0061354 -0.13001 -0.0063884 0.99998 -0.0015293 0.12999 0.0023468 0.99151 -1.0528 -0.15262 8.718
298 0.9913 0.0081824 -0.13138 -0.0088107 0.99995 -0.0042021 0.13134 0.005323 0.99132 -1.0565 -0.15312 8.7437
299 0.991 0.0068836 -0.13367 -0.0075711 0.99996 -0.0046359 0.13364 0.0056063 0.99101 -1.0597 -0.15401 8.7694
300 0.99066 0.0031172 -0.1363 -0.004302 0.99996 -0.0083996 0.13626 0.0089075 0.99063 -1.0636 -0.15415 8.7953
301 0.99027 0.0008814 -0.13913 -0.0025063 0.99993 -0.011504 0.13911 0.011741 0.99021 -1.0672 -0.15468 8.8208
302 0.9897 0.0006628 -0.14318 -0.0025792 0.99991 -0.013199 0.14316 0.013433 0.98961 -1.0714 -0.15497 8.8461
303 0.98901 0.000164 -0.14784 -0.0024714 0.99988 -0.015424 0.14782 0.01562 0.98889 -1.0749 -0.15544 8.8713
304 0.98855 -0.0022661 -0.1509 -0.0004728 0.99984 -0.018113 0.15091 0.017977 0.98838 -1.0791 -0.15588 8.8967
305 0.98811 -0.0026456 -0.15372 -0.000467 0.9998 -0.020209 0.15374 0.02004 0.98791 -1.0821 -0.1559 8.9213
306 0.98785 -0.0024427 -0.15539 -0.0005843 0.99981 -0.019431 0.15541 0.019286 0.98766 -1.0874 -0.15625 8.9477
307 0.98776 -0.0018059 -0.15598 -0.0010037 0.99984 -0.017931 0.15599 0.017868 0.9876 -1.0912 -0.15706 8.9743
308 0.98809 0.001331 -0.15387 -0.0037418 0.99987 -0.015379 0.15383 0.015772 0.98797 -1.095 -0.15848 8.9981
309 0.9883 0.0027012 -0.15249 -0.004761 0.9999 -0.013144 0.15244 0.013716 0.98822 -1.0988 -0.15828 9.0218
310 0.98859 0.0021343 -0.1506 -0.0038233 0.99993 -0.010927 0.15057 0.011378 0.98853 -1.1022 -0.15924 9.0423
311 0.98896 -0.0013581 -0.14821 -7.24e-05 0.99995 -0.0096459 0.14821 0.0095501 0.98891 -1.1031 -0.15996 9.0608
312 0.98931 -0.0027837 -0.1458 0.0015655 0.99996 -0.008469 0.14582 0.0081503 0.98928 -1.105 -0.16041 9.0776
313 0.98957 -0.0020387 -0.14404 0.0008966 0.99997 -0.0079938 0.14405 0.0077813 0.98954 -1.1066 -0.16096 9.0932
314 0.98997 -0.0009009 -0.14126 -0.0001713 0.99997 -0.007578 0.14126 0.0075262 0.98994 -1.1085 -0.16153 9.1069
315 0.99041 -0.0009689 -0.13816 -5.48e-05 0.99997 -0.0074059 0.13817 0.0073424 0.99038 -1.1107 -0.16125 9.1204
316 0.99068 -0.0016735 -0.13623 0.0007225 0.99998 -0.0070297 0.13624 0.0068657 0.99065 -1.1114 -0.16159 9.1324
317 0.99105 -0.0017381 -0.13347 0.0008409 0.99998 -0.0067788 0.13348 0.0066059 0.99103 -1.1129 -0.16197 9.1433
318 0.9914 -0.0023385 -0.13086 0.0015171 0.99998 -0.0063763 0.13087 0.0061229 0.99138 -1.1143 -0.16205 9.1538
319 0.99168 -0.0025127 -0.12874 0.0017081 0.99998 -0.0063599 0.12875 0.0060871 0.99166 -1.1153 -0.16213 9.1629
320 0.992 -0.0029358 -0.1262 0.002116 0.99998 -0.0066296 0.12622 0.0063096 0.99198 -1.1167 -0.1626 9.1713
321 0.99229 -0.0036747 -0.12386 0.0028095 0.99997 -0.0071597 0.12388 0.0067565 0.99227 -1.1174 -0.16205 9.18
322 0.99263 -0.0040361 -0.12108 0.0032215 0.99997 -0.0069228 0.12111 0.0064818 0.99262 -1.1184 -0.16229 9.1876
323 0.99284 -0.0046569 -0.11937 0.0038745 0.99997 -0.0067866 0.11939 0.0062755 0.99283 -1.1181 -0.16274 9.1953
324 0.99319 -0.0051499 -0.11637 0.0043962 0.99997 -0.0067323 0.1164 0.0061749 0.99318 -1.1189 -0.163 9.2028
325 0.99358 -0.0055292 -0.11298 0.0047977 0.99997 -0.0067456 0.11302 0.0061602 0.99357 -1.1204 -0.16333 9.2101
326 0.99383 -0.0059604 -0.11076 0.0052217 0.99996 -0.0069583 0.1108 0.006337 0.99382 -1.1203 -0.16315 9.2172
327 0.99411 -0.0066871 -0.10815 0.0059442 0.99996 -0.00719 0.10819 0.0065048 0.99411 -1.1207 -0.16292 9.2241
328 0.99438 -0.0072621 -0.10566 0.0065752 0.99995 -0.0068477 0.1057 0.0061145 0.99438 -1.1208 -0.16326 9.2313
329 0.99466 -0.0074751 -0.10294 0.0068213 0.99995 -0.006702 0.10299 0.005964 0.99466 -1.122 -0.16342 9.2384
330 0.99494 -0.0073787 -0.10024 0.0067035 0.99995 -0.0070712 0.10028 0.0063634 0.99494 -1.1225 -0.16337 9.2457
331 0.99519 -0.0074092 -0.097657 0.006763 0.99995 -0.0069465 0.097704 0.0062526 0.9952 -1.1228 -0.16335 9.2535
332 0.99548 -0.0073271 -0.094652 0.0067474 0.99996 -0.0064428 0.094695 0.005775 0.99549 -1.1239 -0.16358 9.2611
333 0.9957 -0.0074377 -0.09238 0.0068653 0.99996 -0.0065127 0.092424 0.0058504 0.9957 -1.1237 -0.16371 9.2686
334 0.99594 -0.0075388 -0.08975 0.007003 0.99996 -0.0062839 0.089793 0.0056298 0.99594 -1.1239 -0.16358 9.2763
335 0.99618 -0.0075145 -0.08701 0.0070157 0.99996 -0.0060367 0.087052 0.0054032 0.99619 -1.1247 -0.16369 9.2836
336 0.99637 -0.007353 -0.084775 0.0068844 0.99996 -0.0058183 0.084814 0.0052136 0.99638 -1.1247 -0.16416 9.2912
337 0.99662 -0.0069414 -0.081912 0.0064955 0.99996 -0.0057097 0.081949 0.0051583 0.99662 -1.1254 -0.16425 9.2983
338 0.99679 -0.0075528 -0.0797 0.0071219 0.99996 -0.0056891 0.07974 0.0051033 0.9968 -1.1256 -0.16417 9.3065
339 0.997 -0.0079307 -0.077022 0.007542 0.99996 -0.0053363 0.077061 0.0047394 0.99702 -1.1262 -0.16455 9.3139
340 0.9972 -0.008011 -0.074383 0.0076977 0.99996 -0.0044979 0.074416 0.0039127 0.99722 -1.1263 -0.16513 9.3212
341 0.99736 -0.0087509 -0.072049 0.0084451 0.99995 -0.0045477 0.072085 0.0039273 0.99739 -1.1267 -0.16452 9.3295
342 0.9975 -0.0091897 -0.070005 0.0089211 0.99995 -0.0041488 0.07004 0.003514 0.99754 -1.1264 -0.1649 9.3362
343 0.9977 -0.0090209 -0.067199 0.0087516 0.99995 -0.004301 0.067235 0.003703 0.99773 -1.127 -0.16498 9.343
344 0.99785 -0.0090801 -0.064982 0.0088049 0.99995 -0.0045206 0.06502 0.0039387 0.99788 -1.1272 -0.16495 9.3499
345 0.998 -0.0089168 -0.062554 0.0086416 0.99995 -0.0046687 0.062593 0.0041188 0.99803 -1.1274 -0.16544 9.3569
346 0.99815 -0.0088806 -0.060095 0.0085951 0.99995 -0.0050077 0.060137 0.004482 0.99818 -1.1274 -0.16551 9.364
347 0.99835 -0.0086685 -0.056738 0.0083947 0.99995 -0.0050638 0.056779 0.0045792 0.99838 -1.1283 -0.16545 9.372
348 0.9985 -0.0087364 -0.054104 0.0085 0.99995 -0.0045974 0.054142 0.0041306 0.99852 -1.1282 -0.16623 9.3803
349 0.99865 -0.0091597 -0.051102 0.0089238 0.99995 -0.0048441 0.051143 0.0043815 0.99868 -1.1281 -0.16609 9.389
350 0.9988 -0.0092365 -0.048049 0.0090043 0.99995 -0.0050458 0.048093 0.0046071 0.99883 -1.1281 -0.16616 9.3979
351 0.99895 -0.0096887 -0.044695 0.0094578 0.99994 -0.0053754 0.044744 0.004947 0.99899 -1.1287 -0.16621 9.4091
352 0.99911 -0.0096667 -0.041084 0.0094438 0.99994 -0.0056152 0.041136 0.0052222 0.99914 -1.1287 -0.16619 9.4189
353 0.99922 -0.010065 -0.038081 0.0098537 0.99994 -0.0057306 0.038136 0.005351 0.99926 -1.1274 -0.16655 9.4303
354 0.99936 -0.010646 -0.034194 0.010442 0.99993 -0.0061429 0.034257 0.0057819 0.9994 -1.1276 -0.16652 9.441
355 0.99948 -0.011013 -0.03028 0.010827 0.99992 -0.006291 0.030347 0.0059599 0.99952 -1.1273 -0.16641 9.4523
356 0.99959 -0.011502 -0.026357 0.011346 0.99992 -0.0060583 0.026424 0.0057568 0.99963 -1.1271 -0.16726 9.4635
357 0.99968 -0.011785 -0.022453 0.011643 0.99991 -0.0064247 0.022527 0.0061612 0.99973 -1.126 -0.16718 9.4752
358 0.99975 -0.012435 -0.018628 0.012315 0.9999 -0.0065763 0.018708 0.0063453 0.9998 -1.1252 -0.16776 9.4874
359 0.99981 -0.013155 -0.014637 0.013048 0.99989 -0.0074121 0.014733 0.0072197 0.99987 -1.124 -0.1676 9.4999
360 0.99985 -0.014178 -0.010018 0.014096 0.99987 -0.0081592 0.010133 0.0080167 0.99992 -1.125 -0.16783 9.5143
361 0.99987 -0.014984 -0.0063715 0.014926 0.99985 -0.0089162 0.0065042 0.0088199 0.99994 -1.1244 -0.16812 9.5285
362 0.99987 -0.015937 -0.0034529 0.015902 0.99982 -0.0099169 0.0036103 0.0098606 0.99994 -1.1231 -0.16843 9.5439
363 0.99986 -0.016702 -0.0004246 0.016697 0.9998 -0.010588 0.0006014 0.010579 0.99994 -1.1234 -0.16911 9.5594
