1 0 0 0 0 0 0 0 0 0 0 0 0
2 0.99999 0.0006703 0.0042695 -0.0006682 1 -0.0004921 -0.0042698 0.0004893 0.99999 -7.26e-05 0.0001283 0.044909
3 0.99996 -0.0010591 0.0083011 0.0010739 1 -0.0017823 -0.0082992 0.0017912 0.99996 0.0003623 0.0001699 0.089841
4 0.99993 -0.0017632 0.011316 0.001796 0.99999 -0.0028826 -0.011311 0.0029027 0.99993 0.0008691 0.0001943 0.13203
5 0.99988 -0.0030271 0.015027 0.003076 0.99999 -0.0032308 -0.015017 0.0032766 0.99988 0.0017667 0.0003219 0.1757
6 0.9998 -0.0016861 0.020043 0.0017198 1 -0.0016611 -0.02004 0.0016952 0.9998 0.0020681 0.0002573 0.22103
7 0.9997 -0.0005222 0.024394 0.0005175 1 0.0001991 -0.024394 -0.0001864 0.9997 0.0027972 0.0005439 0.26485
8 0.9996 0.0031808 0.028261 -0.0032055 0.99999 0.0008274 -0.028258 -0.0009177 0.9996 0.0034274 0.0004927 0.30835
9 0.99947 0.0050226 0.0321 -0.0050093 0.99999 -0.0004951 -0.032103 0.000334 0.99948 0.0046281 0.0006484 0.35136
10 0.99934 0.0074754 0.035501 -0.0074163 0.99997 -0.0017955 -0.035514 0.001531 0.99937 0.0056624 0.0007973 0.39485
11 0.99928 0.0054835 0.037669 -0.0053345 0.99998 -0.0040544 -0.037691 0.0038505 0.99928 0.0075372 0.0006671 0.43652
12 0.99919 0.0055718 0.039963 -0.0052601 0.99996 -0.0078999 -0.040005 0.0076832 0.99917 0.0090618 0.0006584 0.47973
13 0.99908 0.0008359 0.04298 -0.0004959 0.99997 -0.0079201 -0.042985 0.0078915 0.99904 0.011008 0.0003273 0.52227
14 0.999 -0.0010242 0.044675 0.0013413 0.99997 -0.0070683 -0.044666 0.0071212 0.99898 0.012957 0.0005571 0.56537
15 0.99888 -0.0037842 0.047205 0.0039891 0.99998 -0.0042465 -0.047188 0.00443 0.99888 0.015123 0.0001888 0.6084
16 0.99874 -0.0039422 0.04995 0.0040568 0.99999 -0.0021936 -0.04994 0.0023934 0.99875 0.017212 8.95e-05 0.6514
17 0.99851 -0.0053143 0.054394 0.0054545 0.99998 -0.0024283 -0.05438 0.0027214 0.99852 0.019345 1.85e-05 0.69437
18 0.99827 -0.0046866 0.058652 0.0049221 0.99998 -0.00387 -0.058632 0.004152 0.99827 0.021516 -1.45e-05 0.7368
19 0.99802 -0.0042685 0.062716 0.0045721 0.99998 -0.0046983 -0.062695 0.0049757 0.99802 0.023809 0.0001449 0.78013
20 0.99778 -0.0058173 0.066389 0.0059592 0.99998 -0.001939 -0.066377 0.0023303 0.99779 0.026652 0.0001154 0.82299
21 0.99751 -0.0058236 0.070243 0.0058748 0.99998 -0.0005228 -0.070239 0.0009342 0.99753 0.029509 0.0001858 0.86617
22 0.99728 -0.006087 0.073502 0.0061386 0.99998 -0.0004754 -0.073498 0.0009253 0.99729 0.032575 0.0001639 0.9084
23 0.99708 -0.007234 0.075994 0.0074837 0.99997 -0.0030012 -0.075969 0.0035612 0.9971 0.035705 0.0001454 0.95074
24 0.99698 -0.0072849 0.077353 0.0076149 0.99996 -0.0039727 -0.077321 0.0045497 0.997 0.038972 0.0003365 0.9924
25 0.99693 -0.0074806 0.077975 0.0078253 0.99996 -0.0041167 -0.077941 0.0047142 0.99695 0.042463 -0.0001459 1.0354
26 0.99684 -0.0047286 0.079327 0.0052128 0.99997 -0.0058979 -0.079297 0.0062928 0.99683 0.045026 -0.0002464 1.0771
27 0.99677 -0.0038935 0.080236 0.0046799 0.99994 -0.0096149 -0.080194 0.0099593 0.99673 0.048486 -0.0006923 1.1188
28 0.99664 -0.0065622 0.081621 0.0072967 0.99994 -0.0087029 -0.081559 0.0092692 0.99663 0.051735 -0.0008606 1.1598
29 0.99661 -0.0062488 0.081983 0.0066799 0.99997 -0.0049858 -0.081949 0.0055166 0.99662 0.055327 -0.0010154 1.2021
30 0.9965 -0.0094237 0.083093 0.0095884 0.99995 -0.0015834 -0.083074 0.0023746 0.99654 0.058735 -0.0011901 1.2435
31 0.99635 -0.011178 0.084673 0.011237 0.99994 -0.0002162 -0.084665 0.0011668 0.99641 0.062012 -0.0012108 1.2848
32 0.9962 -0.010039 0.086541 0.0101 0.99995 -0.0002687 -0.086534 0.0011417 0.99625 0.065337 -0.0011607 1.3264
33 0.99618 -0.0082131 0.086944 0.0082265 0.99997 0.0002038 -0.086943 0.0005122 0.99621 0.068912 -0.0010157 1.3678
34 0.99607 -0.0079017 0.088188 0.0080533 0.99997 -0.001364 -0.088174 0.0020688 0.9961 0.072025 -0.0009575 1.4086
35 0.99597 -0.0060826 0.089529 0.0062999 0.99998 -0.0021456 -0.089514 0.002701 0.99598 0.075663 -0.0009929 1.4496
36 0.9958 -0.0054594 0.09144 0.0056339 0.99998 -0.0016501 -0.091429 0.0021583 0.99581 0.079117 -0.0009488 1.4898
37 0.99562 -0.004204 0.093394 0.0041801 0.99999 0.0004517 -0.093395 -5.93e-05 0.99563 0.082929 -0.0009467 1.5306
38 0.9953 -0.0041627 0.096797 0.0041747 0.99999 7.9e-05 -0.096796 0.0003255 0.9953 0.086476 -0.0007777 1.5717
39 0.99503 -0.0036344 0.099521 0.0037505 0.99999 -0.0009792 -0.099517 0.0013475 0.99504 0.090743 -0.0009011 1.6122
40 0.99462 -0.0031741 0.10357 0.003325 0.99999 -0.0012843 -0.10357 0.0016217 0.99462 0.094293 -0.0008691 1.6527
41 0.99431 -0.0025438 0.1065 0.0026341 1 -0.0007066 -0.1065 0.0009832 0.99431 0.098589 -0.0006443 1.6929
42 0.99397 -0.0019349 0.10965 0.0020631 1 -0.001056 -0.10965 0.0012758 0.99397 0.10284 -0.0006769 1.7331
43 0.99361 -0.0004557 0.11288 0.0006942 1 -0.0020738 -0.11288 0.0021389 0.99361 0.10702 -0.0006581 1.773
44 0.99323 -0.0007303 0.11617 0.0010298 1 -0.0025181 -0.11616 0.0026207 0.99323 0.11177 -0.0006341 1.8131
45 0.99282 -0.0015621 0.11965 0.0019473 0.99999 -0.0031023 -0.11964 0.003313 0.99281 0.11647 -0.0006904 1.8527
46 0.9924 -0.0013643 0.12308 0.0019138 0.99999 -0.0043472 -0.12307 0.0045497 0.99239 0.12079 -0.0010619 1.8917
47 0.99197 -0.0014085 0.12643 0.0023136 0.99997 -0.0070117 -0.12642 0.007248 0.99195 0.12544 -0.0011006 1.9309
48 0.99152 -0.0011696 0.12999 0.0021177 0.99997 -0.0071561 -0.12998 0.0073707 0.99149 0.13058 -0.0014827 1.9701
49 0.991 -0.0003052 0.13384 0.0011122 0.99998 -0.0059556 -0.13383 0.0060508 0.99099 0.13543 -0.0017449 2.0092
50 0.99052 -0.0007217 0.1374 0.0016808 0.99997 -0.0068643 -0.13739 0.0070301 0.99049 0.1414 -0.0018645 2.0513
51 0.98996 -5.4e-06 0.14134 0.0007641 0.99999 -0.0053132 -0.14134 0.0053679 0.98995 0.14666 -0.0021363 2.0909
52 0.98924 0.0006203 0.14628 -5.94e-05 0.99999 -0.0038383 -0.14628 0.0037884 0.98924 0.15189 -0.0024552 2.1297
53 0.98857 -0.0005453 0.15079 0.0011835 0.99999 -0.0041424 -0.15079 0.0042735 0.98856 0.1581 -0.0024286 2.1691
54 0.98774 0.0010392 0.15614 -0.0002775 0.99999 -0.0048998 -0.15614 0.0047964 0.98772 0.16391 -0.0023615 2.2078
55 0.98674 0.0005213 0.16233 0.0001981 0.99999 -0.0044157 -0.16233 0.0043893 0.98673 0.16961 -0.0025211 2.2466
56 0.98591 -0.0001409 0.16726 0.0008651 0.99999 -0.0042569 -0.16726 0.0043416 0.9859 0.17616 -0.0028103 2.2851
57 0.98506 -0.0004124 0.17224 0.0010346 0.99999 -0.0035224 -0.17223 0.003648 0.98505 0.18269 -0.0029104 2.3232
58 0.98417 -0.0001843 0.17721 0.0009202 0.99999 -0.0040706 -0.17721 0.0041692 0.98416 0.18992 -0.0028732 2.3625
59 0.98311 -0.0019705 0.18301 0.0032281 0.99997 -0.0065745 -0.18299 0.0070543 0.98309 0.19691 -0.0029463 2.4004
60 0.98202 0.0008005 0.18879 0.0004774 0.99998 -0.0067234 -0.18879 0.0066926 0.98199 0.20341 -0.0032914 2.4379
61 0.98097 0.0012793 0.19416 -0.0003006 0.99999 -0.0050697 -0.19416 0.0049149 0.98096 0.21089 -0.0035792 2.4754
62 0.97981 0.0015638 0.19991 -0.0008568 0.99999 -0.0036229 -0.19991 0.0033785 0.97981 0.21785 -0.003804 2.5112
63 0.97866 0.0021356 0.20546 -0.0017624 1 -0.0019997 -0.20546 0.001595 0.97866 0.22503 -0.0038595 2.547
64 0.97772 0.0008905 0.20992 -0.000537 1 -0.0017409 -0.20992 0.0015894 0.97772 0.23296 -0.0037699 2.5829
65 0.97682 -0.0001112 0.21407 0.0004958 1 -0.0017426 -0.21407 0.0018083 0.97682 0.24044 -0.0039823 2.6187
66 0.97622 -0.0011423 0.21677 0.0021023 0.99999 -0.0041982 -0.21677 0.0045541 0.97621 0.24822 -0.0041291 2.6531
67 0.97551 -0.00381 0.21992 0.0051335 0.99997 -0.005447 -0.21989 0.0064425 0.9755 0.2561 -0.0043705 2.6874
68 0.97484 -0.0052563 0.22284 0.0063177 0.99997 -0.0040505 -0.22281 0.0053564 0.97485 0.26387 -0.0045925 2.7215
69 0.97419 -0.006355 0.22562 0.0068528 0.99998 -0.0014232 -0.22561 0.0029326 0.97421 0.27151 -0.0046709 2.7546
70 0.97369 -0.006426 0.2278 0.0065397 0.99998 0.0002553 -0.2278 0.0012412 0.97371 0.27852 -0.004999 2.7862
71 0.97315 -0.0075227 0.23006 0.0077523 0.99997 -9.42e-05 -0.23006 0.0018752 0.97318 0.28576 -0.0051505 2.8171
72 0.97277 -0.0080807 0.23164 0.0087012 0.99996 -0.0016572 -0.23162 0.0036276 0.9728 0.29325 -0.0051755 2.8477
73 0.9724 -0.0081353 0.23319 0.009249 0.99995 -0.0036832 -0.23315 0.0057383 0.97242 0.30065 -0.0051627 2.8787
74 0.97206 -0.0085497 0.23456 0.010239 0.99993 -0.0059834 -0.23449 0.0082178 0.97208 0.3081 -0.0054096 2.909
75 0.97175 -0.0097166 0.23581 0.011812 0.9999 -0.0074765 -0.23572 0.010051 0.97177 0.31522 -0.0056232 2.9393
76 0.97139 -0.010838 0.23725 0.01315 0.99988 -0.0081626 -0.23713 0.011049 0.97142 0.32231 -0.0059989 2.9691
77 0.97097 -0.010932 0.23894 0.012563 0.99991 -0.0053061 -0.23886 0.008154 0.97102 0.32948 -0.0064654 2.9987
78 0.97059 -0.0093628 0.24057 0.010193 0.99995 -0.0022068 -0.24053 0.004594 0.97063 0.33677 -0.0064405 3.0293
79 0.97022 -0.0087939 0.24207 0.0092315 0.99996 -0.0006735 -0.24205 0.0028881 0.97026 0.34414 -0.0067153 3.0584
80 0.96965 -0.0060694 0.24441 0.0068739 0.99997 -0.0024388 -0.24439 0.0040448 0.96967 0.35053 -0.0067945 3.086
81 0.96919 -0.0043925 0.24626 0.0056944 0.99997 -0.0045747 -0.24623 0.005836 0.96919 0.35753 -0.0068345 3.1137
82 0.96882 -0.0037911 0.24774 0.0053821 0.99997 -0.0057451 -0.24771 0.0068993 0.96881 0.3643 -0.0068653 3.141
83 0.96843 -0.0028626 0.24927 0.0044396 0.99997 -0.0057645 -0.24924 0.0066892 0.96842 0.37089 -0.0071693 3.1677
84 0.968 -0.0024389 0.25092 0.0041739 0.99997 -0.0063827 -0.2509 0.0072258 0.96799 0.37765 -0.0071747 3.1937
85 0.9676 -0.004061 0.25244 0.0058562 0.99996 -0.0063605 -0.25241 0.0076328 0.96759 0.38443 -0.0074813 3.2194
86 0.9672 -0.0045441 0.25396 0.006316 0.99996 -0.0061622 -0.25392 0.0075641 0.9672 0.39073 -0.0076282 3.2441
87 0.96685 -0.0046327 0.2553 0.006287 0.99996 -0.0056642 -0.25526 0.0070815 0.96685 0.39723 -0.0081086 3.2684
88 0.96644 -0.0053405 0.25683 0.0069665 0.99996 -0.0054212 -0.25679 0.0070285 0.96644 0.40333 -0.008189 3.2921
89 0.96612 -0.0059532 0.25803 0.0074999 0.99996 -0.0050101 -0.25799 0.0067755 0.96612 0.40944 -0.008553 3.315
90 0.96563 -0.0065867 0.25984 0.0080904 0.99996 -0.0047181 -0.2598 0.0066581 0.96564 0.41553 -0.0087004 3.3372
91 0.96524 -0.0067487 0.26126 0.0081913 0.99996 -0.0044331 -0.26122 0.0064192 0.96526 0.42115 -0.0089393 3.3593
92 0.9648 -0.0065898 0.26289 0.0080946 0.99996 -0.0046413 -0.26285 0.006606 0.96481 0.42666 -0.0090148 3.3799
93 0.96431 -0.0058891 0.26471 0.0074551 0.99996 -0.0049117 -0.26467 0.0067098 0.96432 0.4321 -0.0091004 3.4004
94 0.96391 -0.006126 0.26615 0.0076176 0.99996 -0.0045722 -0.26611 0.0064346 0.96392 0.43751 -0.009261 3.4193
95 0.96348 -0.0056936 0.26772 0.0071017 0.99997 -0.0042914 -0.26769 0.0060359 0.96349 0.44265 -0.009415 3.4385
96 0.96297 -0.005661 0.26956 0.0071166 0.99996 -0.0044231 -0.26953 0.0061776 0.96297 0.44772 -0.0097011 3.456
97 0.96252 -0.0055517 0.27115 0.0070353 0.99997 -0.0045 -0.27111 0.0062389 0.96253 0.45279 -0.0099183 3.474
98 0.96213 -0.0058649 0.27251 0.0072717 0.99996 -0.0041524 -0.27248 0.0059768 0.96214 0.45777 -0.010059 3.4914
99 0.96159 -0.0055204 0.27442 0.0069444 0.99997 -0.0042179 -0.27439 0.0059616 0.9616 0.46229 -0.010305 3.5074
100 0.96116 -0.0047558 0.27597 0.0061454 0.99997 -0.0041708 -0.27594 0.0057047 0.96116 0.46671 -0.010401 3.5234
101 0.96074 -0.004255 0.27742 0.0058857 0.99997 -0.0050454 -0.27739 0.0064801 0.96073 0.47116 -0.010649 3.5387
102 0.96038 -0.0029736 0.27867 0.0046213 0.99998 -0.0052562 -0.27864 0.0063357 0.96037 0.47566 -0.01077 3.5539
103 0.96002 -0.002701 0.27991 0.0044191 0.99998 -0.0055071 -0.27989 0.0065239 0.96001 0.48009 -0.010815 3.5683
104 0.95962 -0.0026507 0.2813 0.0042914 0.99998 -0.0052166 -0.28128 0.0062131 0.95961 0.48403 -0.010906 3.5824
105 0.95924 -0.003725 0.28256 0.0053133 0.99997 -0.0048551 -0.28253 0.0061585 0.95924 0.48821 -0.011152 3.5961
106 0.9589 -0.0033948 0.28372 0.0049838 0.99998 -0.0048789 -0.2837 0.0060924 0.95889 0.4919 -0.01131 3.6091
107 0.95873 -0.0034763 0.28431 0.0048883 0.99998 -0.0042572 -0.28429 0.0054713 0.95872 0.49559 -0.011343 3.6219
108 0.95876 -0.0030747 0.2842 0.0044956 0.99998 -0.0043477 -0.28418 0.005446 0.95876 0.49917 -0.011324 3.634
109 0.95872 -0.0024892 0.28433 0.0038049 0.99998 -0.0040752 -0.28432 0.0049889 0.95872 0.50228 -0.011425 3.6456
110 0.95872 -0.0014972 0.28434 0.0028704 0.99999 -0.0044128 -0.28433 0.0050468 0.95871 0.50539 -0.011464 3.6565
111 0.95876 -0.0012911 0.28422 0.0027759 0.99998 -0.0048217 -0.28421 0.0054119 0.95875 0.50833 -0.011581 3.6669
112 0.95878 -0.0010491 0.28415 0.0025336 0.99999 -0.0048569 -0.28414 0.0053767 0.95877 0.51107 -0.011519 3.6768
113 0.95866 -0.0014787 0.28455 0.0030689 0.99998 -0.0051427 -0.28454 0.0058033 0.95865 0.51363 -0.011537 3.6863
114 0.95868 -0.0017472 0.28449 0.0033163 0.99998 -0.005034 -0.28448 0.0057694 0.95867 0.51639 -0.011743 3.6955
115 0.95863 -0.0020132 0.28466 0.0036486 0.99998 -0.0052149 -0.28464 0.0060378 0.95861 0.51904 -0.01161 3.7041
116 0.95866 -0.0022504 0.28453 0.0039 0.99998 -0.0052312 -0.28452 0.0061247 0.95865 0.5215 -0.011733 3.7124
117 0.95871 -0.0023745 0.28439 0.0041034 0.99998 -0.0054834 -0.28437 0.0064239 0.95869 0.52395 -0.011705 3.72
118 0.95874 -0.0028723 0.28428 0.00434 0.99998 -0.0045332 -0.28426 0.00558 0.95873 0.52614 -0.012003 3.7272
119 0.95868 -0.0023247 0.28446 0.0038474 0.99998 -0.0047941 -0.28445 0.0056905 0.95868 0.52828 -0.011916 3.7342
120 0.95867 -0.0015846 0.28451 0.0029848 0.99999 -0.0044881 -0.2845 0.0051518 0.95866 0.5301 -0.012046 3.7408
121 0.95859 -0.0018584 0.28477 0.0032454 0.99999 -0.0043988 -0.28476 0.0051409 0.95858 0.53181 -0.011921 3.747
122 0.95858 -0.0022642 0.28481 0.0036707 0.99998 -0.0044047 -0.28479 0.0052677 0.95857 0.53359 -0.012036 3.7527
123 0.95859 -0.0029566 0.28476 0.0043992 0.99998 -0.0044268 -0.28475 0.0054962 0.95859 0.53513 -0.011981 3.7576
124 0.95854 -0.0036823 0.28494 0.0051027 0.99998 -0.0042428 -0.28492 0.0055209 0.95854 0.53664 -0.012091 3.7629
125 0.95848 -0.0039656 0.28512 0.0054882 0.99997 -0.0045414 -0.2851 0.0059177 0.95848 0.53801 -0.012093 3.7677
126 0.95849 -0.0042757 0.28511 0.0057655 0.99997 -0.0043864 -0.28508 0.0058481 0.95848 0.53951 -0.012169 3.7723
127 0.95844 -0.0041826 0.28527 0.0055923 0.99998 -0.0041271 -0.28525 0.0055509 0.95844 0.54065 -0.012111 3.7767
128 0.95846 -0.0045863 0.28517 0.0061057 0.99997 -0.0044392 -0.28515 0.005996 0.95847 0.542 -0.012174 3.7803
129 0.95852 -0.0048803 0.28498 0.0063974 0.99997 -0.0043931 -0.28495 0.006034 0.95852 0.54329 -0.012224 3.7842
130 0.95848 -0.0048925 0.28513 0.0063611 0.99997 -0.0042247 -0.2851 0.005863 0.95848 0.5442 -0.012354 3.7877
131 0.95853 -0.0045139 0.28495 0.0060493 0.99997 -0.0045085 -0.28492 0.0060453 0.95853 0.54525 -0.012317 3.7912
132 0.95845 -0.0043138 0.28521 0.0059473 0.99997 -0.0048616 -0.28518 0.0063559 0.95845 0.54591 -0.012234 3.7947
133 0.95856 -0.0043341 0.28484 0.0059668 0.99997 -0.0048643 -0.28481 0.0063623 0.95856 0.54728 -0.012394 3.7983
134 0.95858 -0.004552 0.28478 0.0062102 0.99997 -0.00492 -0.28475 0.0064848 0.95858 0.54821 -0.012353 3.8015
135 0.95855 -0.0047806 0.28489 0.0063337 0.99997 -0.0045303 -0.28486 0.006147 0.95855 0.54913 -0.012471 3.8048
136 0.95852 -0.0044753 0.28498 0.0060896 0.99997 -0.0047788 -0.28495 0.006316 0.95852 0.55004 -0.012418 3.8082
137 0.9586 -0.0038588 0.28473 0.005798 0.99997 -0.0059683 -0.2847 0.0073721 0.95859 0.551 -0.012473 3.8114
138 0.9586 -0.0031087 0.28475 0.005351 0.99996 -0.007097 -0.28472 0.0083268 0.95858 0.55184 -0.01252 3.8145
139 0.95846 -0.0030641 0.28523 0.0053231 0.99996 -0.0071453 -0.28519 0.0083667 0.95843 0.5528 -0.012513 3.8176
140 0.95824 -0.0031669 0.28595 0.005263 0.99996 -0.0065622 -0.28592 0.0077931 0.95822 0.5537 -0.012614 3.821
141 0.95823 -0.0027151 0.28599 0.0049758 0.99996 -0.0071786 -0.28596 0.0083018 0.95821 0.55466 -0.012629 3.824
142 0.95811 -0.0025519 0.28638 0.004885 0.99996 -0.0074328 -0.28635 0.0085204 0.95809 0.55552 -0.012593 3.827
143 0.95802 -0.0028433 0.28668 0.0051608 0.99996 -0.0073287 -0.28665 0.0085005 0.958 0.55665 -0.012559 3.8305
144 0.95792 -0.0030774 0.28704 0.0053879 0.99996 -0.0072598 -0.287 0.0085008 0.95789 0.55739 -0.012624 3.8331
145 0.95783 -0.0030901 0.28732 0.0052712 0.99996 -0.0068178 -0.28729 0.0080449 0.95781 0.55845 -0.012658 3.8363
146 0.95776 -0.0035203 0.28754 0.0056815 0.99996 -0.0066821 -0.28751 0.0080335 0.95774 0.55927 -0.012688 3.839
147 0.95768 -0.0036091 0.28782 0.0058374 0.99996 -0.0068842 -0.28778 0.008273 0.95766 0.5601 -0.012709 3.8417
148 0.95756 -0.0040678 0.28821 0.0062688 0.99996 -0.0067143 -0.28817 0.0082361 0.95754 0.56082 -0.012706 3.8439
149 0.95745 -0.0040369 0.28859 0.006295 0.99996 -0.0068973 -0.28855 0.0084204 0.95743 0.56159 -0.012717 3.8463
150 0.95736 -0.004156 0.28886 0.0065192 0.99995 -0.0072194 -0.28881 0.0087948 0.95734 0.56216 -0.012616 3.8485
151 0.95734 -0.0044831 0.28895 0.0067747 0.99995 -0.0069314 -0.2889 0.0085932 0.95732 0.5629 -0.012631 3.8505
152 0.95728 -0.0043094 0.28915 0.0066477 0.99995 -0.0071053 -0.2891 0.0087239 0.95726 0.56346 -0.012578 3.8524
153 0.9572 -0.0043523 0.2894 0.0067929 0.99995 -0.0074293 -0.28935 0.0090772 0.95718 0.56407 -0.012684 3.8543
154 0.9571 -0.0044896 0.28974 0.0068695 0.99995 -0.0071974 -0.28969 0.008879 0.95708 0.56453 -0.012698 3.8562
155 0.95705 -0.0045035 0.28989 0.0068809 0.99995 -0.0071826 -0.28984 0.0088688 0.95703 0.56499 -0.012688 3.8579
156 0.95702 -0.0047943 0.29 0.0071452 0.99995 -0.0070484 -0.28995 0.0088175 0.957 0.56556 -0.012801 3.8596
157 0.95692 -0.0048307 0.29032 0.0071955 0.99995 -0.0070788 -0.29027 0.0088628 0.9569 0.56606 -0.012773 3.8614
158 0.95692 -0.0050066 0.29032 0.0075077 0.99994 -0.0075016 -0.29027 0.0093581 0.9569 0.56661 -0.012769 3.8628
159 0.95688 -0.0049328 0.29044 0.0074666 0.99994 -0.0076166 -0.29038 0.0094567 0.95686 0.56704 -0.012793 3.8643
160 0.95685 -0.0051786 0.29055 0.0076637 0.99994 -0.0074162 -0.29049 0.0093228 0.95683 0.56735 -0.012866 3.8653
161 0.9568 -0.0051918 0.29069 0.0077286 0.99994 -0.0075795 -0.29063 0.0094988 0.95679 0.56761 -0.012868 3.8664
162 0.9568 -0.0055341 0.29069 0.0080785 0.99994 -0.0075533 -0.29063 0.0095753 0.95679 0.56804 -0.012835 3.8673
163 0.95671 -0.0054307 0.29101 0.0079986 0.99994 -0.0076354 -0.29095 0.0096325 0.95669 0.56814 -0.012771 3.868
164 0.95671 -0.0053875 0.29101 0.0079673 0.99994 -0.0076811 -0.29095 0.0096671 0.95669 0.56843 -0.012837 3.8687
165 0.95666 -0.0054539 0.29115 0.0080298 0.99994 -0.0076532 -0.29109 0.0096594 0.95665 0.56856 -0.012837 3.8693
166 0.95664 -0.0054102 0.29122 0.0079803 0.99994 -0.0076386 -0.29116 0.0096314 0.95663 0.56874 -0.012859 3.8698
167 0.95661 -0.0052183 0.29133 0.0078151 0.99994 -0.0077505 -0.29128 0.009691 0.95659 0.56878 -0.01276 3.8701
168 0.95659 -0.0053314 0.29139 0.0079274 0.99994 -0.0077292 -0.29133 0.0097037 0.95657 0.56878 -0.012759 3.8703
169 0.95656 -0.0052836 0.29148 0.0078255 0.99994 -0.0075553 -0.29142 0.0095081 0.95655 0.56875 -0.012789 3.8704
170 0.95658 -0.005181 0.29142 0.0077417 0.99994 -0.0076345 -0.29136 0.0095591 0.95656 0.56877 -0.012756 3.8704
171 0.95658 -0.0052906 0.29142 0.0079287 0.99994 -0.0078723 -0.29136 0.009841 0.95656 0.56863 -0.012837 3.8701
172 0.95655 -0.005328 0.29152 0.0080231 0.99994 -0.0080502 -0.29145 0.010039 0.95653 0.56863 -0.0128 3.8702
173 0.95656 -0.0054035 0.2915 0.0080085 0.99994 -0.0077443 -0.29144 0.0097423 0.95654 0.56863 -0.012815 3.8703
174 0.95657 -0.0054509 0.29144 0.008085 0.99994 -0.0078347 -0.29138 0.0098508 0.95656 0.56862 -0.012835 3.8702
175 0.95656 -0.0053474 0.2915 0.0080681 0.99993 -0.0081323 -0.29144 0.010131 0.95654 0.56862 -0.012809 3.8702
176 0.9566 -0.0055789 0.29136 0.0082512 0.99993 -0.0079437 -0.2913 0.010003 0.95658 0.56888 -0.012773 3.8704
177 0.95662 -0.0055267 0.2913 0.008159 0.99994 -0.0078222 -0.29124 0.0098596 0.9566 0.56886 -0.012806 3.8703
178 0.95653 -0.0053694 0.29157 0.0080514 0.99994 -0.0079994 -0.29151 0.0099992 0.95652 0.56862 -0.012831 3.8703
179 0.95654 -0.0054319 0.29154 0.0081145 0.99994 -0.0079929 -0.29148 0.010011 0.95652 0.56862 -0.012831 3.8702
180 0.95657 -0.0054628 0.29147 0.0080844 0.99994 -0.0077908 -0.2914 0.0098087 0.95655 0.56864 -0.012857 3.8702
181 0.95653 -0.0054665 0.29157 0.0081372 0.99994 -0.0079479 -0.29151 0.009975 0.95652 0.56863 -0.012833 3.8702
182 0.95655 -0.0054352 0.29152 0.0081355 0.99993 -0.0080514 -0.29146 0.010073 0.95653 0.56862 -0.012811 3.8703
183 0.95654 -0.0055175 0.29154 0.0081825 0.99994 -0.0079226 -0.29148 0.0099638 0.95653 0.56862 -0.01283 3.8702
184 0.95661 -0.0056134 0.29133 0.0082899 0.99993 -0.0079536 -0.29127 0.010024 0.95659 0.56889 -0.012801 3.8704
185 0.95658 -0.0055092 0.29141 0.0082127 0.99993 -0.0080546 -0.29135 0.010098 0.95656 0.56884 -0.012764 3.8704
186 0.95658 -0.0055183 0.29142 0.0081988 0.99993 -0.0079775 -0.29136 0.01002 0.95656 0.56884 -0.012799 3.8704
187 0.95658 -0.005647 0.29141 0.0083062 0.99993 -0.007889 -0.29134 0.009967 0.95657 0.56884 -0.012813 3.8704
188 0.95659 -0.0055397 0.29139 0.0082193 0.99993 -0.0079726 -0.29132 0.010021 0.95657 0.56885 -0.012783 3.8703
189 0.95657 -0.0053885 0.29145 0.0081152 0.99993 -0.0081473 -0.29139 0.010159 0.95655 0.56882 -0.012727 3.8704
190 0.95659 -0.0055726 0.29138 0.0082283 0.99994 -0.0078898 -0.29131 0.0099448 0.95658 0.56883 -0.012804 3.8703
191 0.95654 -0.005462 0.29153 0.0081344 0.99994 -0.0079555 -0.29147 0.0099813 0.95653 0.56863 -0.01283 3.8702
192 0.95653 -0.005415 0.29159 0.0080878 0.99994 -0.0079616 -0.29153 0.0099739 0.95651 0.5686 -0.012816 3.8702
193 0.95656 -0.0056568 0.29148 0.0083116 0.99993 -0.0078709 -0.29141 0.0099516 0.95655 0.56883 -0.01285 3.8704
194 0.95658 -0.0055249 0.29141 0.0082097 0.99993 -0.0079909 -0.29135 0.010036 0.95656 0.5689 -0.012798 3.8704
195 0.9566 -0.0055191 0.29136 0.0081928 0.99993 -0.0079574 -0.2913 0.0099991 0.95658 0.56885 -0.012791 3.8703
196 0.95659 -0.005566 0.29137 0.0082425 0.99993 -0.0079589 -0.29131 0.010015 0.95658 0.56888 -0.012795 3.8703
197 0.95658 -0.0055647 0.29142 0.0082146 0.99994 -0.0078703 -0.29136 0.0099225 0.95656 0.56885 -0.012849 3.8704
198 0.9566 -0.005504 0.29135 0.0081903 0.99993 -0.0080015 -0.29128 0.01004 0.95658 0.56889 -0.012796 3.8704
199 0.9566 -0.0054492 0.29137 0.0081219 0.99994 -0.0079641 -0.29131 0.0099849 0.95658 0.56884 -0.012787 3.8703
200 0.95658 -0.0055102 0.29143 0.0081565 0.99994 -0.0078663 -0.29137 0.0099018 0.95656 0.56888 -0.012811 3.8704
201 0.95657 -0.0053645 0.29144 0.0080216 0.99994 -0.0079232 -0.29138 0.0099169 0.95656 0.56883 -0.012781 3.8704
202 0.95658 -0.0055072 0.29141 0.0081492 0.99994 -0.0078531 -0.29135 0.0098869 0.95656 0.56885 -0.012844 3.8704
203 0.95659 -0.0054695 0.29138 0.0081252 0.99994 -0.0079046 -0.29132 0.009929 0.95657 0.56888 -0.012788 3.8704
204 0.95656 -0.0054632 0.29148 0.008116 0.99994 -0.0078929 -0.29142 0.0099157 0.95654 0.5688 -0.012819 3.8703
205 0.95658 -0.005496 0.29142 0.0081631 0.99994 -0.0079371 -0.29136 0.0099714 0.95656 0.56887 -0.0128 3.8704
206 0.95659 -0.0055018 0.29137 0.0081805 0.99993 -0.0079759 -0.29131 0.010013 0.95658 0.56888 -0.012781 3.8704
207 0.95657 -0.0052804 0.29144 0.0079994 0.99993 -0.0081387 -0.29138 0.010117 0.95655 0.56888 -0.012627 3.8705
208 0.9566 -0.0054374 0.29136 0.0080787 0.99994 -0.0078632 -0.2913 0.0098757 0.95658 0.56892 -0.012793 3.8704
209 0.95658 -0.0054154 0.29141 0.008093 0.99994 -0.0079835 -0.29135 0.0099953 0.95656 0.56885 -0.012771 3.8704
210 0.95658 -0.0054099 0.29142 0.008074 0.99994 -0.0079401 -0.29136 0.0099482 0.95656 0.56888 -0.012764 3.8704
211 0.95658 -0.0054854 0.29142 0.0081724 0.99993 -0.0080039 -0.29136 0.010038 0.95656 0.56887 -0.012761 3.8704
212 0.9566 -0.0054096 0.29135 0.0081021 0.99993 -0.0080357 -0.29129 0.010047 0.95658 0.5689 -0.012762 3.8704
213 0.9566 -0.0055903 0.29136 0.0082721 0.99993 -0.0079733 -0.2913 0.010037 0.95658 0.56886 -0.012764 3.8704
214 0.95659 -0.0054955 0.29138 0.0081854 0.99993 -0.0080135 -0.29132 0.010051 0.95657 0.56885 -0.012777 3.8704
215 0.9566 -0.005656 0.29135 0.0083307 0.99993 -0.0079406 -0.29128 0.010023 0.95658 0.56892 -0.012811 3.8704
216 0.95659 -0.0054478 0.29139 0.0081351 0.99993 -0.0080116 -0.29133 0.010034 0.95657 0.56888 -0.012767 3.8704
217 0.95658 -0.0055125 0.29141 0.0081949 0.99993 -0.0079852 -0.29135 0.010027 0.95656 0.56889 -0.012778 3.8704
218 0.95655 -0.0055164 0.29152 0.0081838 0.99994 -0.0079313 -0.29145 0.0099724 0.95653 0.56863 -0.012829 3.8702
219 0.95659 -0.0054557 0.29137 0.0081511 0.99993 -0.0080376 -0.29131 0.010064 0.95658 0.56889 -0.01276 3.8704
220 0.95659 -0.00544 0.29139 0.0081187 0.99994 -0.0079844 -0.29133 0.010003 0.95657 0.56887 -0.012773 3.8705
221 0.95659 -0.0054731 0.29138 0.0081608 0.99993 -0.0080092 -0.29132 0.010039 0.95657 0.56889 -0.012779 3.8704
222 0.95659 -0.0054598 0.29139 0.0081572 0.99993 -0.0080431 -0.29133 0.010071 0.95657 0.56886 -0.01278 3.8704
223 0.95659 -0.0054825 0.29139 0.0081727 0.99993 -0.0080156 -0.29133 0.010049 0.95657 0.56884 -0.012755 3.8703
224 0.95661 -0.0055287 0.29133 0.0082386 0.99993 -0.0080763 -0.29126 0.010126 0.95659 0.56891 -0.012746 3.8704
225 0.95654 -0.0054078 0.29154 0.0080985 0.99994 -0.0080233 -0.29148 0.010036 0.95652 0.56861 -0.012803 3.8702
226 0.95655 -0.0054438 0.29151 0.0081089 0.99994 -0.0079349 -0.29145 0.0099539 0.95653 0.56863 -0.012824 3.8702
227 0.95657 -0.0054582 0.29144 0.0081451 0.99993 -0.0080071 -0.29137 0.010033 0.95656 0.56886 -0.012795 3.8704
228 0.9566 -0.0055157 0.29135 0.0081932 0.99993 -0.0079704 -0.29129 0.010012 0.95658 0.56888 -0.012779 3.8703
229 0.95658 -0.0054951 0.29141 0.0081812 0.99993 -0.0079996 -0.29135 0.010036 0.95656 0.56888 -0.012784 3.8703
230 0.95659 -0.0055142 0.2914 0.0081956 0.99993 -0.0079822 -0.29133 0.010024 0.95657 0.56884 -0.012778 3.8703
231 0.95656 -0.0054437 0.2915 0.0081163 0.99994 -0.0079599 -0.29143 0.00998 0.95654 0.56863 -0.012806 3.8702
232 0.95654 -0.005349 0.29155 0.0080559 0.99993 -0.008085 -0.29149 0.010082 0.95652 0.56864 -0.012783 3.8702
233 0.95657 -0.0054217 0.29144 0.0081007 0.99994 -0.0079866 -0.29137 0.010001 0.95656 0.56883 -0.012776 3.8704
