1 0 0 0 0 0 0 0 0 0 0 0 0
2 0 0 0 0 0 0 0 0 0 0.00030293 0.00059227 0.017155
3 0 0 0 0 0 0 0 0 0 0.00060585 0.0011845 0.034309
4 0 0 0 0 0 0 0 0 0 0.00090878 0.0017768 0.051464
5 0.99958 0.0027009 0.028872 -0.0028628 0.99998 0.0055653 -0.028857 -0.0056456 0.99957 0.0012117 0.0023691 0.068618
6 0.99918 0.0048783 0.04022 -0.0050934 0.99997 0.0052479 -0.040193 -0.0054484 0.99918 0.0018932 0.0027146 0.085066
7 0.9985 0.0074043 0.054319 -0.0076665 0.99996 0.0046208 -0.054283 -0.0050303 0.99851 0.002432 0.0021525 0.10069
8 0.99752 0.0085313 0.069876 -0.0086353 0.99996 0.0011864 -0.069863 -0.0017868 0.99755 0.0034478 0.0022428 0.11641
9 0.99603 0.0093531 0.088515 -0.0093296 0.99996 -0.0006786 -0.088517 -0.0001499 0.99607 0.0044817 0.0024527 0.13051
10 0.99391 0.010338 0.10975 -0.010386 0.99995 -0.0001328 -0.10974 -0.0010079 0.99396 0.006369 0.0015756 0.1428
11 0.99104 0.009301 0.13322 -0.0092889 0.99996 -0.000712 -0.13322 -0.0005318 0.99109 0.0083711 0.0015147 0.15649
12 0.98739 0.009382 0.15804 -0.0092874 0.99996 -0.0013372 -0.15804 -0.0001474 0.98743 0.011042 0.0005918 0.16905
13 0.98204 0.012853 0.18823 -0.01186 0.99991 -0.0064037 -0.18829 0.0040564 0.98211 0.013705 0.0005328 0.18203
14 0.97514 0.016483 0.22097 -0.014026 0.99982 -0.012685 -0.22114 0.0092707 0.9752 0.016903 0.0001364 0.19423
15 0.96636 0.018236 0.25654 -0.014166 0.99974 -0.017704 -0.25679 0.013475 0.96637 0.020448 -2.28e-05 0.20709
16 0.95607 0.01781 0.29261 -0.012525 0.99972 -0.019924 -0.29289 0.015383 0.95602 0.024744 -0.0002632 0.2189
17 0.9436 0.018829 0.33055 -0.011823 0.99966 -0.023193 -0.33087 0.017977 0.94351 0.029448 -0.0004288 0.23087
18 0.92927 0.020536 0.36884 -0.011658 0.99959 -0.026283 -0.36923 0.020124 0.92912 0.034663 -0.0007406 0.24247
19 0.91294 0.020762 0.40757 -0.01054 0.99957 -0.027309 -0.40796 0.020635 0.91277 0.040331 -0.0010662 0.25428
20 0.89528 0.020135 0.44504 -0.0082924 0.99956 -0.02854 -0.44542 0.021861 0.89505 0.046397 -0.0012264 0.26557
21 0.8762 0.016519 0.48167 -0.002956 0.99958 -0.028903 -0.48194 0.023901 0.87588 0.052855 -0.0016748 0.27562
22 0.85574 0.01467 0.5172 0.0010439 0.99955 -0.030078 -0.5174 0.026279 0.85534 0.059885 -0.0020672 0.28627
23 0.83338 0.015509 0.55248 0.0023972 0.9995 -0.031673 -0.55269 0.02772 0.83293 0.06725 -0.0024598 0.29619
24 0.80838 0.019652 0.58834 4.32e-05 0.99944 -0.033444 -0.58867 0.02706 0.80792 0.074819 -0.0027476 0.30526
25 0.78065 0.025597 0.62445 -0.0049757 0.99938 -0.034745 -0.62495 0.024017 0.78029 0.083135 -0.0030421 0.31544
26 0.75081 0.028084 0.65993 -0.0068197 0.99937 -0.03477 -0.66049 0.021605 0.75053 0.092134 -0.0034817 0.32482
27 0.71736 0.025709 0.69623 -0.0049071 0.99948 -0.031851 -0.69669 0.019432 0.71711 0.10186 -0.0038994 0.33423
28 0.68035 0.024485 0.73248 -0.003024 0.99953 -0.030603 -0.73288 0.018606 0.6801 0.11211 -0.0042727 0.34288
29 0.64131 0.025076 0.76687 -0.0016919 0.99951 -0.031269 -0.76728 0.018755 0.64104 0.12321 -0.004524 0.35153
30 0.59992 0.025757 0.79965 -0.0015287 0.99952 -0.031048 -0.80006 0.017404 0.59967 0.13458 -0.0050051 0.35956
31 0.55663 0.026086 0.83035 -0.0026154 0.99956 -0.029649 -0.83076 0.014332 0.55645 0.1468 -0.0054856 0.36711
32 0.51116 0.027064 0.85906 -0.0050084 0.99958 -0.02851 -0.85947 0.010271 0.51108 0.15896 -0.0057896 0.37426
33 0.4643 0.025743 0.88531 -0.0026177 0.99961 -0.027694 -0.88568 0.010541 0.46419 0.17201 -0.0062232 0.38051
34 0.41559 0.023868 0.90924 0.0003159 0.99965 -0.026386 -0.90955 0.011253 0.41544 0.18586 -0.0064304 0.38631
35 0.36619 0.022154 0.93028 0.0037321 0.99967 -0.025275 -0.93053 0.012727 0.36599 0.20031 -0.0067524 0.39142
36 0.31822 0.021109 0.94778 0.0065024 0.99968 -0.024448 -0.94799 0.013943 0.31798 0.21491 -0.0070493 0.39552
37 0.27392 0.020035 0.96154 0.010166 0.99967 -0.023725 -0.9617 0.016274 0.27362 0.23011 -0.0073664 0.39923
38 0.23573 0.019496 0.97162 0.014245 0.99962 -0.023513 -0.97172 0.019384 0.23536 0.24609 -0.0076298 0.40254
39 0.20273 0.019367 0.97904 0.018426 0.99955 -0.023588 -0.97906 0.022822 0.20228 0.26229 -0.0079971 0.40561
40 0.17424 0.019849 0.9845 0.020993 0.99949 -0.023867 -0.98448 0.024826 0.17373 0.27905 -0.0082847 0.40846
41 0.15079 0.019993 0.98836 0.021647 0.99949 -0.023521 -0.98833 0.024941 0.15028 0.29642 -0.0084004 0.41081
42 0.13167 0.019429 0.9911 0.023016 0.99948 -0.022651 -0.99103 0.025793 0.13115 0.3137 -0.0088287 0.41306
43 0.11734 0.019935 0.99289 0.025651 0.9994 -0.023097 -0.99276 0.028179 0.11676 0.33206 -0.0090404 0.41521
44 0.10758 0.020829 0.99398 0.02885 0.99929 -0.024063 -0.99378 0.031265 0.10691 0.35067 -0.0092422 0.41719
45 0.10253 0.021379 0.9945 0.031103 0.99921 -0.024687 -0.99424 0.033463 0.10178 0.36993 -0.0094413 0.41886
46 0.099948 0.021275 0.99477 0.033605 0.99913 -0.024745 -0.99442 0.035902 0.099146 0.38968 -0.0097531 0.4206
47 0.09873 0.021605 0.99488 0.036032 0.99903 -0.025271 -0.99446 0.038343 0.097856 0.40964 -0.010037 0.42254
48 0.09847 0.021013 0.99492 0.036455 0.99903 -0.024708 -0.99447 0.038703 0.097609 0.43027 -0.010366 0.42445
49 0.099101 0.02019 0.99487 0.037005 0.99903 -0.02396 -0.99439 0.03919 0.098258 0.45128 -0.010635 0.42646
50 0.10039 0.019471 0.99476 0.03716 0.99904 -0.023304 -0.99425 0.039304 0.099569 0.47309 -0.010953 0.42879
51 0.10147 0.020334 0.99463 0.038201 0.99897 -0.02432 -0.99411 0.040464 0.10059 0.49507 -0.011281 0.4311
52 0.1025 0.022092 0.99449 0.038361 0.99892 -0.026144 -0.99399 0.040829 0.10154 0.51732 -0.01158 0.43342
53 0.1035 0.022462 0.99438 0.039447 0.99887 -0.026669 -0.99385 0.041985 0.1025 0.53993 -0.01182 0.43589
54 0.10485 0.020519 0.99428 0.039796 0.9989 -0.024811 -0.99369 0.04217 0.10392 0.56338 -0.012084 0.43843
55 0.10596 0.018236 0.9942 0.041485 0.99888 -0.022743 -0.9935 0.043655 0.10509 0.58676 -0.012443 0.44052
56 0.10718 0.018546 0.99407 0.040393 0.99892 -0.022992 -0.99342 0.042618 0.10631 0.60971 -0.012872 0.44317
57 0.10813 0.021052 0.99391 0.040246 0.99886 -0.025535 -0.99332 0.042762 0.10716 0.63427 -0.013202 0.44603
58 0.10985 0.023473 0.99367 0.038241 0.99888 -0.027823 -0.99321 0.041055 0.10883 0.6638 -0.01348 0.4499
59 0.11183 0.02483 0.99342 0.036249 0.99892 -0.029048 -0.99307 0.039259 0.11081 0.68902 -0.013911 0.45282
60 0.11368 0.023575 0.99324 0.03341 0.99906 -0.027537 -0.99296 0.036314 0.11278 0.71354 -0.014529 0.45607
61 0.11591 0.021535 0.99303 0.031844 0.99917 -0.025385 -0.99275 0.034564 0.11512 0.73931 -0.015158 0.45922
62 0.11836 0.019069 0.99279 0.030057 0.99929 -0.022777 -0.99252 0.032537 0.1177 0.76476 -0.015523 0.46225
63 0.12107 0.017534 0.99249 0.030406 0.99931 -0.021363 -0.99218 0.032764 0.12045 0.79089 -0.015779 0.46542
64 0.12382 0.015954 0.99218 0.031643 0.9993 -0.020017 -0.9918 0.033874 0.12323 0.81737 -0.016207 0.46878
65 0.12683 0.015656 0.9918 0.033329 0.99924 -0.020036 -0.99137 0.035597 0.12621 0.84248 -0.016827 0.47209
66 0.12993 0.01772 0.99136 0.035729 0.99911 -0.022541 -0.99088 0.038349 0.12918 0.86769 -0.017231 0.47527
67 0.13257 0.019342 0.99099 0.037548 0.99899 -0.024521 -0.99046 0.040461 0.13171 0.89396 -0.017718 0.47906
68 0.13507 0.01662 0.9907 0.036817 0.99908 -0.02178 -0.99015 0.039416 0.13433 0.92039 -0.018165 0.48243
69 0.13743 0.0094391 0.99047 0.039331 0.99911 -0.014979 -0.98973 0.041015 0.13693 0.94689 -0.018718 0.48587
70 0.13921 0.0059495 0.99024 0.039118 0.99917 -0.011503 -0.98949 0.040338 0.13886 0.97399 -0.018704 0.48951
71 0.14066 0.0065485 0.99004 0.04196 0.99904 -0.01257 -0.98917 0.04331 0.14025 1.0008 -0.01925 0.49303
72 0.14184 0.014211 0.98979 0.042064 0.99891 -0.02037 -0.989 0.044524 0.14109 1.0271 -0.01953 0.49693
73 0.1423 0.019827 0.98962 0.039664 0.99888 -0.025716 -0.98903 0.042912 0.14136 1.0537 -0.019963 0.50086
74 0.14235 0.01996 0.98962 0.038806 0.99892 -0.025729 -0.98906 0.042066 0.14142 1.0803 -0.020449 0.5048
75 0.14227 0.017759 0.98967 0.038287 0.99899 -0.023431 -0.98909 0.041225 0.14145 1.1074 -0.020914 0.50831
76 0.14113 0.015471 0.98987 0.037782 0.99907 -0.021002 -0.98927 0.040363 0.14041 1.1337 -0.021549 0.51217
77 0.14016 0.015407 0.99001 0.03801 0.99906 -0.020929 -0.9894 0.040563 0.13944 1.1611 -0.022031 0.51621
78 0.13972 0.016446 0.99005 0.038529 0.99901 -0.022032 -0.98944 0.041224 0.13895 1.1885 -0.022469 0.52024
79 0.1393 0.015353 0.99013 0.039177 0.99901 -0.021003 -0.98947 0.041717 0.13857 1.2166 -0.022953 0.52409
80 0.13842 0.014464 0.99027 0.039968 0.999 -0.020178 -0.98957 0.042372 0.1377 1.244 -0.023299 0.52811
81 0.13755 0.014205 0.99039 0.039562 0.99902 -0.019824 -0.9897 0.041909 0.13685 1.2722 -0.02377 0.53224
82 0.13689 0.010039 0.99054 0.041984 0.99899 -0.015927 -0.9897 0.043767 0.13633 1.3006 -0.024094 0.53599
83 0.13583 0.003643 0.99073 0.045054 0.99894 -0.0098501 -0.98971 0.045974 0.13552 1.329 -0.024342 0.54005
84 0.13526 0.0002733 0.99081 0.048386 0.9988 -0.0068811 -0.98963 0.048872 0.13509 1.3577 -0.024527 0.5438
85 0.13455 -0.0002836 0.99091 0.054411 0.99849 -0.0071026 -0.98941 0.054872 0.13437 1.3866 -0.024482 0.54758
86 0.13448 0.0013524 0.99092 0.056011 0.99839 -0.0089641 -0.98933 0.056707 0.13419 1.4149 -0.024662 0.55158
87 0.135 0.0043579 0.99084 0.060214 0.99811 -0.012594 -0.98901 0.061363 0.13448 1.4444 -0.024627 0.55529
88 0.13625 0.0075287 0.99065 0.059553 0.9981 -0.015776 -0.98888 0.061145 0.13554 1.4734 -0.024999 0.55927
89 0.13714 0.012564 0.99047 0.057085 0.99816 -0.020565 -0.98891 0.059361 0.13617 1.5033 -0.025242 0.56358
90 0.13851 0.014927 0.99025 0.055578 0.99819 -0.022821 -0.9888 0.058197 0.13743 1.5329 -0.025703 0.56755
91 0.13929 0.014925 0.99014 0.053142 0.99833 -0.022524 -0.98882 0.055755 0.13827 1.5631 -0.026199 0.57189
92 0.14009 0.015589 0.99002 0.050279 0.99847 -0.022837 -0.98886 0.052976 0.13909 1.5933 -0.02653 0.57648
93 0.14154 0.016849 0.98979 0.050713 0.99842 -0.024248 -0.98863 0.053627 0.14047 1.6242 -0.027018 0.58102
94 0.14363 0.01878 0.98945 0.052476 0.99827 -0.026564 -0.98824 0.055738 0.14239 1.6552 -0.027622 0.58548
95 0.14467 0.021697 0.98924 0.051855 0.99822 -0.029477 -0.98812 0.055562 0.14329 1.684 -0.028178 0.58968
96 0.14638 0.021743 0.98899 0.05149 0.99824 -0.029567 -0.98789 0.055251 0.145 1.7146 -0.028954 0.59428
97 0.14802 0.020515 0.98877 0.047961 0.99846 -0.027896 -0.98782 0.051552 0.14681 1.7459 -0.029705 0.59905
98 0.15008 0.019357 0.98848 0.045281 0.99862 -0.02643 -0.98764 0.048726 0.14899 1.7777 -0.03008 0.60384
99 0.15151 0.01933 0.98827 0.04312 0.99873 -0.026145 -0.98751 0.046575 0.15049 1.8091 -0.030572 0.6087
100 0.15406 0.018454 0.98789 0.042015 0.9988 -0.02521 -0.98717 0.045389 0.1531 1.8402 -0.031463 0.61343
101 0.15598 0.016861 0.98762 0.042848 0.9988 -0.023819 -0.98683 0.046033 0.15507 1.872 -0.031908 0.61861
102 0.15754 0.014954 0.9874 0.042629 0.99885 -0.021929 -0.98659 0.045547 0.15672 1.904 -0.032578 0.62385
103 0.16014 0.014227 0.98699 0.043317 0.99883 -0.021426 -0.98614 0.046185 0.15934 1.9359 -0.03298 0.6283
104 0.16237 0.01368 0.98664 0.044366 0.99879 -0.021149 -0.98573 0.047207 0.16157 1.9671 -0.033527 0.63285
105 0.16381 0.014407 0.98639 0.045053 0.99874 -0.022069 -0.98546 0.048055 0.16296 1.9991 -0.03394 0.63841
106 0.16667 0.012764 0.98593 0.046105 0.99872 -0.020723 -0.98493 0.04891 0.16587 2.032 -0.034771 0.64333
107 0.16899 0.011823 0.98555 0.046724 0.99871 -0.019993 -0.98451 0.049427 0.16822 2.0653 -0.03494 0.64888
108 0.17076 0.010255 0.98526 0.047776 0.99868 -0.018675 -0.98415 0.050261 0.17004 2.098 -0.035536 0.65413
109 0.17216 0.0081796 0.98503 0.047811 0.99872 -0.01665 -0.98391 0.049962 0.17155 2.1306 -0.036199 0.65982
110 0.17342 0.0074059 0.98482 0.04905 0.99867 -0.016148 -0.98363 0.051106 0.17283 2.1637 -0.036479 0.6655
111 0.17483 0.0076655 0.98457 0.049612 0.99863 -0.016585 -0.98335 0.051746 0.17421 2.1968 -0.036879 0.67154
112 0.17558 0.0091045 0.98442 0.050918 0.99853 -0.018317 -0.98315 0.053341 0.17486 2.2291 -0.037215 0.67709
113 0.17659 0.011307 0.98422 0.050184 0.99853 -0.020475 -0.983 0.053008 0.17576 2.2613 -0.037678 0.68264
114 0.17721 0.012738 0.98409 0.049652 0.99853 -0.021866 -0.98292 0.052737 0.17632 2.2939 -0.0385 0.6887
115 0.17771 0.01367 0.98399 0.049561 0.99851 -0.022822 -0.98283 0.052823 0.17677 2.3254 -0.03912 0.69437
116 0.17864 0.017412 0.98376 0.048064 0.9985 -0.026401 -0.98274 0.052 0.17753 2.3581 -0.039696 0.70036
117 0.17884 0.019596 0.98368 0.046941 0.99849 -0.028425 -0.98276 0.051259 0.17765 2.3885 -0.040525 0.70571
118 0.1798 0.018366 0.98353 0.045341 0.99861 -0.026936 -0.98266 0.049438 0.17872 2.4209 -0.041615 0.71156
119 0.18059 0.016413 0.98342 0.045415 0.99866 -0.025007 -0.98251 0.049178 0.1796 2.4515 -0.04207 0.71671
120 0.18188 0.016765 0.98318 0.04367 0.99873 -0.025109 -0.98235 0.047502 0.18092 2.4837 -0.042721 0.72257
121 0.18314 0.017484 0.98293 0.044351 0.99868 -0.026028 -0.98209 0.04836 0.18212 2.515 -0.043544 0.72817
122 0.18465 0.017698 0.98264 0.042828 0.99874 -0.026036 -0.98187 0.046892 0.18366 2.5469 -0.044569 0.73434
123 0.18553 0.01627 0.9825 0.041797 0.99883 -0.024433 -0.98175 0.045599 0.18463 2.5756 -0.045083 0.73956
124 0.18662 0.01257 0.98235 0.040692 0.99896 -0.020512 -0.98159 0.043802 0.18591 2.6079 -0.045831 0.74609
125 0.18723 0.010428 0.98226 0.041 0.99899 -0.01842 -0.98146 0.043722 0.18661 2.6365 -0.046116 0.75134
126 0.18839 0.012147 0.98202 0.043247 0.99885 -0.020652 -0.98114 0.04636 0.18764 2.6655 -0.046664 0.75682
127 0.19014 0.012493 0.98168 0.045211 0.99875 -0.021468 -0.98072 0.048465 0.18934 2.6975 -0.047133 0.76284
128 0.19228 0.012265 0.98126 0.044456 0.99879 -0.021195 -0.98033 0.047698 0.1915 2.7298 -0.047493 0.76913
129 0.19402 0.012261 0.98092 0.04601 0.99871 -0.021584 -0.97992 0.049321 0.19321 2.7605 -0.047979 0.77485
130 0.19566 0.012786 0.98059 0.043382 0.99882 -0.02168 -0.97971 0.046781 0.19487 2.7926 -0.048455 0.78134
131 0.19676 0.012014 0.98038 0.042628 0.99887 -0.020796 -0.97952 0.045884 0.19603 2.822 -0.049033 0.78724
132 0.19809 0.010846 0.98012 0.043721 0.99885 -0.01989 -0.97921 0.046792 0.19739 2.8518 -0.04964 0.79325
133 0.19972 0.010757 0.97979 0.044808 0.99879 -0.020099 -0.97883 0.047917 0.199 2.884 -0.050206 0.79973
134 0.20133 0.0095606 0.97948 0.046099 0.99875 -0.019224 -0.97844 0.049023 0.20064 2.916 -0.050871 0.80646
135 0.20219 0.0096273 0.9793 0.048195 0.99864 -0.019768 -0.97816 0.051194 0.20145 2.9453 -0.051348 0.81176
136 0.20381 0.01407 0.97891 0.047366 0.99858 -0.024215 -0.97786 0.051302 0.20286 2.9769 -0.051795 0.81833
137 0.20482 0.017846 0.97864 0.046453 0.99853 -0.027931 -0.9777 0.051181 0.20369 3.007 -0.052214 0.82461
138 0.20493 0.019329 0.97859 0.044194 0.9986 -0.028979 -0.97778 0.049187 0.20379 3.0388 -0.052992 0.83164
139 0.20538 0.019186 0.97849 0.042564 0.99869 -0.028516 -0.97776 0.047506 0.20429 3.068 -0.05394 0.83719
140 0.20625 0.019736 0.9783 0.041436 0.99872 -0.028883 -0.97762 0.046494 0.20517 3.1006 -0.054654 0.84407
141 0.20629 0.018076 0.97832 0.040057 0.99884 -0.026902 -0.97767 0.044738 0.20533 3.1318 -0.055596 0.85022
142 0.20674 0.018839 0.97821 0.036616 0.99897 -0.026977 -0.97771 0.041395 0.20583 3.164 -0.056311 0.85726
143 0.20676 0.019451 0.9782 0.035104 0.99901 -0.027285 -0.97776 0.039981 0.20588 3.1965 -0.056845 0.86401
144 0.20722 0.016809 0.97815 0.033596 0.99914 -0.024287 -0.97772 0.037895 0.20648 3.2279 -0.057858 0.87111
145 0.20705 0.01282 0.97825 0.033519 0.99923 -0.020189 -0.97776 0.03697 0.20646 3.2602 -0.058437 0.87735
146 0.20706 0.0095165 0.97828 0.034512 0.99926 -0.017025 -0.97772 0.037288 0.20658 3.2902 -0.059113 0.88367
147 0.20786 0.0090044 0.97812 0.036315 0.9992 -0.016916 -0.97748 0.039037 0.20737 3.3218 -0.0596 0.88995
148 0.20867 0.0086589 0.97795 0.039384 0.99908 -0.01725 -0.97719 0.042115 0.20814 3.3537 -0.060219 0.89671
149 0.20856 0.0092289 0.97797 0.042887 0.99891 -0.018573 -0.97707 0.045816 0.20794 3.3841 -0.060829 0.90287
150 0.20867 0.010254 0.97793 0.045911 0.99874 -0.020268 -0.97691 0.049127 0.20793 3.4144 -0.06135 0.9091
151 0.21057 0.01289 0.97749 0.047139 0.99862 -0.023323 -0.97644 0.05099 0.20967 3.4463 -0.061842 0.91558
152 0.21015 0.010828 0.97761 0.048264 0.9986 -0.021435 -0.97648 0.051687 0.20933 3.4767 -0.062805 0.92264
153 0.21091 0.006159 0.97749 0.045055 0.99886 -0.016015 -0.97647 0.047418 0.21039 3.51 -0.063224 0.92914
154 0.2103 0.0038812 0.97763 0.044205 0.99893 -0.013475 -0.97664 0.04605 0.2099 3.5414 -0.063594 0.93609
155 0.21063 0.0060567 0.97755 0.043541 0.99893 -0.015571 -0.97659 0.045843 0.21014 3.5721 -0.063967 0.94277
156 0.21162 0.0074086 0.97732 0.0484 0.99867 -0.01805 -0.97615 0.051122 0.21098 3.6031 -0.064547 0.94934
157 0.21266 0.0072556 0.9771 0.050332 0.99856 -0.01837 -0.97583 0.053086 0.21199 3.6348 -0.064859 0.9561
158 0.21585 0.0096967 0.97638 0.051919 0.99842 -0.021393 -0.97505 0.05531 0.215 3.6658 -0.065556 0.96242
159 0.21679 0.012569 0.97614 0.053934 0.99824 -0.024832 -0.97473 0.05803 0.21573 3.6968 -0.066236 0.96931
160 0.21779 0.01371 0.9759 0.049372 0.99847 -0.025045 -0.97475 0.053637 0.21678 3.727 -0.066904 0.97624
161 0.21923 0.013047 0.97559 0.046667 0.99863 -0.023842 -0.97456 0.050755 0.21832 3.7585 -0.067603 0.98293
162 0.2206 0.010608 0.97531 0.043973 0.99882 -0.02081 -0.97437 0.047477 0.21987 3.7892 -0.0682 0.99012
163 0.22162 0.011037 0.97507 0.042596 0.99887 -0.020988 -0.9742 0.046185 0.2209 3.8198 -0.068706 0.99708
164 0.22286 0.01417 0.97475 0.041134 0.99887 -0.023925 -0.97398 0.045427 0.22203 3.8492 -0.069515 1.004
165 0.22327 0.015595 0.97463 0.039273 0.99892 -0.02498 -0.97396 0.043854 0.22242 3.8792 -0.070074 1.011
166 0.22417 0.014412 0.97444 0.037994 0.999 -0.023515 -0.97381 0.042294 0.2234 3.909 -0.071008 1.018
167 0.22454 0.015004 0.97435 0.036195 0.99906 -0.023726 -0.97379 0.040594 0.22378 3.9394 -0.071664 1.0246
168 0.22543 0.01455 0.97415 0.036768 0.99905 -0.02343 -0.97357 0.0411 0.22468 3.9691 -0.072368 1.0314
169 0.2262 0.010176 0.97403 0.038023 0.99909 -0.019269 -0.97334 0.041394 0.22561 3.9997 -0.073055 1.038
170 0.22643 0.0053804 0.97401 0.038527 0.99915 -0.014476 -0.97327 0.040803 0.22603 4.0285 -0.073719 1.0446
171 0.22636 0.0036617 0.97404 0.040372 0.9991 -0.013138 -0.97321 0.042298 0.22601 4.0581 -0.07378 1.0514
172 0.22636 0.0060898 0.97402 0.040197 0.99907 -0.015588 -0.97321 0.042682 0.2259 4.0875 -0.074164 1.0584
173 0.22666 0.0099011 0.97392 0.04063 0.99898 -0.019612 -0.97313 0.044015 0.22603 4.117 -0.074532 1.065
174 0.22651 0.013267 0.97392 0.040882 0.9989 -0.023115 -0.97315 0.045051 0.22572 4.1462 -0.074884 1.0721
175 0.22652 0.012318 0.97393 0.042012 0.99887 -0.022405 -0.9731 0.045991 0.22574 4.176 -0.075469 1.0787
176 0.22646 0.0094011 0.97398 0.042399 0.99891 -0.0195 -0.9731 0.045712 0.22581 4.2059 -0.076094 1.0857
177 0.22688 0.0080735 0.97389 0.042005 0.99895 -0.018067 -0.97302 0.045007 0.22631 4.2379 -0.07655 1.0932
178 0.22709 0.0083291 0.97384 0.043427 0.99888 -0.01867 -0.97291 0.04653 0.22647 4.2683 -0.077105 1.1002
179 0.22674 0.0083999 0.97392 0.04504 0.9988 -0.0191 -0.97291 0.048196 0.22609 4.2979 -0.077443 1.1068
180 0.22733 0.0092312 0.97377 0.046367 0.99872 -0.020292 -0.97271 0.049765 0.22661 4.328 -0.078028 1.1137
181 0.22777 0.01185 0.97364 0.047746 0.99859 -0.023324 -0.97254 0.0518 0.22689 4.3586 -0.078782 1.1207
182 0.22813 0.017655 0.97347 0.047907 0.99842 -0.029334 -0.97245 0.053328 0.22692 4.389 -0.07942 1.1277
183 0.22856 0.020747 0.97331 0.043322 0.99857 -0.031458 -0.97257 0.049356 0.22734 4.4189 -0.080297 1.1348
184 0.23017 0.022584 0.97289 0.040474 0.99864 -0.032758 -0.97231 0.046917 0.22895 4.4489 -0.081059 1.1419
185 0.23183 0.018686 0.97258 0.038268 0.99887 -0.028313 -0.972 0.043782 0.23085 4.4799 -0.082023 1.1492
186 0.23328 0.015826 0.97228 0.036757 0.99901 -0.025081 -0.97171 0.041589 0.23247 4.5103 -0.082603 1.1566
187 0.23459 0.012083 0.97202 0.037366 0.99907 -0.021438 -0.97138 0.04135 0.23392 4.5416 -0.083311 1.1642
188 0.23675 0.011928 0.9715 0.039832 0.99896 -0.021972 -0.97075 0.043899 0.23603 4.5716 -0.083701 1.1713
189 0.23941 0.012382 0.97084 0.042061 0.99885 -0.023112 -0.97001 0.046368 0.23861 4.6017 -0.08446 1.1784
190 0.2417 0.012141 0.97027 0.042594 0.99883 -0.023109 -0.96942 0.046913 0.2409 4.6319 -0.084981 1.186
191 0.24407 0.011202 0.96969 0.040981 0.99892 -0.021854 -0.96889 0.045073 0.24335 4.6625 -0.085592 1.1937
192 0.24552 0.0081011 0.96936 0.040581 0.999 -0.018627 -0.96854 0.043911 0.24495 4.6922 -0.086272 1.2012
193 0.24667 0.0067372 0.96908 0.037684 0.99915 -0.016538 -0.96837 0.040598 0.2462 4.7228 -0.086603 1.2092
194 0.24817 0.0056804 0.9687 0.040096 0.99907 -0.016131 -0.96789 0.042844 0.24771 4.7526 -0.086927 1.2167
195 0.25006 0.0063399 0.96821 0.046014 0.99877 -0.018424 -0.96714 0.049159 0.24947 4.7843 -0.087685 1.2244
196 0.25224 0.011989 0.96759 0.04471 0.99871 -0.02403 -0.96663 0.049322 0.25138 4.8141 -0.087893 1.2324
197 0.25514 0.011971 0.96683 0.045029 0.99869 -0.024248 -0.96586 0.049722 0.25426 4.8448 -0.088602 1.2402
198 0.2575 0.0084635 0.96624 0.04141 0.99895 -0.019786 -0.96539 0.045107 0.25688 4.8752 -0.089188 1.2485
199 0.25946 0.0037195 0.96575 0.040233 0.99908 -0.014657 -0.96492 0.042658 0.25907 4.9061 -0.089897 1.2567
200 0.26205 0.0037369 0.96505 0.041817 0.99901 -0.015224 -0.96415 0.044345 0.26164 4.9353 -0.090382 1.265
201 0.26457 0.0089032 0.96433 0.042063 0.9989 -0.020763 -0.96345 0.046055 0.2639 4.9667 -0.090387 1.2733
202 0.26743 0.010783 0.96352 0.046049 0.99865 -0.023958 -0.96248 0.050776 0.26657 4.9971 -0.090952 1.2816
203 0.27006 0.0099173 0.96279 0.043376 0.99881 -0.022455 -0.96187 0.047827 0.26931 5.0286 -0.091592 1.2903
204 0.2719 0.0087827 0.96229 0.044262 0.99879 -0.021622 -0.96131 0.048472 0.27118 5.0589 -0.092143 1.2988
205 0.27254 0.013384 0.96205 0.040621 0.99885 -0.025403 -0.96129 0.046003 0.27168 5.0895 -0.092782 1.3073
206 0.27404 0.019122 0.96153 0.038073 0.9988 -0.030714 -0.96096 0.045026 0.27298 5.1198 -0.093559 1.3158
207 0.27435 0.024096 0.96133 0.035189 0.99876 -0.035077 -0.96099 0.043452 0.27317 5.153 -0.094225 1.3246
208 0.27428 0.021185 0.96142 0.033245 0.99895 -0.031496 -0.96107 0.040601 0.27329 5.1831 -0.095113 1.3334
209 0.27442 0.016605 0.96147 0.033309 0.99909 -0.026761 -0.96103 0.03937 0.27362 5.214 -0.096095 1.3422
210 0.27458 0.015415 0.96144 0.03355 0.99911 -0.0256 -0.96098 0.039286 0.27382 5.2447 -0.096896 1.3509
211 0.27409 0.013624 0.96161 0.034993 0.9991 -0.02413 -0.96107 0.040263 0.27337 5.2736 -0.097532 1.3587
212 0.27359 0.013869 0.96175 0.032936 0.99917 -0.023779 -0.96128 0.038182 0.27291 5.3037 -0.098185 1.3673
213 0.27192 0.013357 0.96223 0.030676 0.99928 -0.022541 -0.96183 0.035646 0.27132 5.3344 -0.098736 1.3762
214 0.27059 0.012639 0.96261 0.032056 0.99924 -0.022131 -0.96216 0.036846 0.26998 5.3641 -0.099573 1.3846
215 0.26977 0.0089729 0.96288 0.030769 0.99937 -0.017933 -0.96243 0.034465 0.26932 5.3952 -0.10013 1.3935
216 0.26946 0.0092053 0.96297 0.033675 0.99925 -0.018975 -0.96242 0.037541 0.26895 5.4259 -0.10063 1.4019
217 0.26978 0.012587 0.96284 0.033999 0.99917 -0.022588 -0.96232 0.038829 0.26913 5.4563 -0.10113 1.4104
218 0.26934 0.014102 0.96294 0.033843 0.99914 -0.024098 -0.96245 0.039079 0.26863 5.4866 -0.10157 1.419
219 0.26931 0.013926 0.96295 0.031808 0.99922 -0.023346 -0.96253 0.036917 0.26866 5.5164 -0.10209 1.4275
220 0.26919 0.012068 0.96301 0.032661 0.99923 -0.021652 -0.96253 0.037282 0.26859 5.5468 -0.10276 1.4362
221 0.26885 0.0064618 0.96316 0.035455 0.99923 -0.0166 -0.96253 0.038612 0.26841 5.5764 -0.10319 1.4444
222 0.26937 0.0044593 0.96303 0.038208 0.99915 -0.015314 -0.96228 0.04092 0.26897 5.6073 -0.10352 1.4531
223 0.26897 0.0062022 0.96313 0.04099 0.999 -0.017881 -0.96228 0.044288 0.26845 5.6381 -0.10339 1.4614
224 0.26939 0.011557 0.96296 0.040597 0.9989 -0.023345 -0.96217 0.045382 0.26863 5.6692 -0.10404 1.4701
225 0.26871 0.015009 0.9631 0.040461 0.99882 -0.026854 -0.96237 0.046184 0.26779 5.699 -0.10502 1.4787
226 0.26853 0.017651 0.96311 0.036123 0.99894 -0.028379 -0.96259 0.042411 0.26761 5.7298 -0.10514 1.4874
227 0.26795 0.016345 0.96329 0.035873 0.99899 -0.026929 -0.96276 0.041772 0.2671 5.7618 -0.10658 1.4958
228 0.26729 0.017529 0.96346 0.032714 0.99909 -0.027253 -0.96306 0.038803 0.26648 5.792 -0.10713 1.5044
229 0.26717 0.020975 0.96342 0.031057 0.99906 -0.030364 -0.96315 0.038033 0.26627 5.8242 -0.10758 1.5132
230 0.26664 0.020592 0.96358 0.030049 0.99911 -0.029667 -0.96333 0.036865 0.26579 5.8539 -0.1084 1.5217
231 0.26643 0.016865 0.96371 0.029673 0.99923 -0.02569 -0.9634 0.035441 0.26572 5.8858 -0.10966 1.5305
232 0.26605 0.014842 0.96385 0.028505 0.99932 -0.023256 -0.96354 0.033662 0.26544 5.9176 -0.1101 1.5395
233 0.26638 0.013566 0.96377 0.02994 0.9993 -0.022341 -0.9634 0.034806 0.26579 5.9505 -0.11071 1.5485
234 0.26641 0.011168 0.9638 0.031855 0.99928 -0.020384 -0.96333 0.036133 0.26586 5.9823 -0.1112 1.5573
235 0.26653 0.0085677 0.96379 0.032374 0.99932 -0.017836 -0.96328 0.035956 0.26607 6.0143 -0.11167 1.5661
236 0.26699 0.0092545 0.96365 0.0329 0.99928 -0.018712 -0.96314 0.036701 0.2665 6.0474 -0.11185 1.5752
237 0.26656 0.011504 0.96375 0.0334 0.99922 -0.021165 -0.96324 0.037831 0.26597 6.0788 -0.1123 1.5842
238 0.26667 0.012785 0.9637 0.03373 0.99918 -0.022589 -0.9632 0.03853 0.26602 6.1117 -0.11266 1.5929
239 0.26644 0.012658 0.96377 0.034583 0.99914 -0.022683 -0.96323 0.039373 0.26578 6.1443 -0.11326 1.6022
240 0.2666 0.011142 0.96374 0.034888 0.99917 -0.021203 -0.96318 0.039276 0.26599 6.1765 -0.11418 1.6111
241 0.26634 0.010151 0.96383 0.035519 0.99916 -0.020339 -0.96322 0.039651 0.26576 6.2093 -0.11463 1.6204
242 0.26658 0.008649 0.96377 0.036056 0.99917 -0.01894 -0.96314 0.039799 0.26604 6.242 -0.11515 1.6295
243 0.26663 0.0076978 0.96377 0.037504 0.99913 -0.018356 -0.96307 0.041039 0.26611 6.2744 -0.11557 1.6383
244 0.26647 0.010886 0.96378 0.036447 0.99911 -0.021362 -0.96315 0.04082 0.26583 6.3075 -0.11596 1.6476
245 0.26635 0.012471 0.96379 0.03781 0.99901 -0.023376 -0.96313 0.042667 0.26562 6.3405 -0.11648 1.6573
246 0.26598 0.01207 0.9639 0.038246 0.999 -0.023064 -0.96322 0.043 0.26526 6.374 -0.11692 1.6668
247 0.2664 0.009361 0.96382 0.039062 0.99903 -0.0205 -0.96307 0.04311 0.26578 6.4077 -0.11757 1.6762
248 0.26702 0.0095897 0.96364 0.041505 0.99891 -0.021442 -0.9628 0.045721 0.26633 6.4413 -0.11808 1.6852
249 0.26743 0.010699 0.96352 0.043147 0.9988 -0.023067 -0.96261 0.047742 0.26664 6.4752 -0.11885 1.6944
250 0.26751 0.01071 0.9635 0.043172 0.9988 -0.023089 -0.96259 0.047773 0.26673 6.5088 -0.11938 1.7033
251 0.26767 0.011832 0.96344 0.040867 0.99889 -0.023622 -0.96264 0.045696 0.26689 6.5425 -0.12002 1.7128
252 0.26781 0.013567 0.96338 0.041405 0.99882 -0.025577 -0.96258 0.046739 0.26694 6.5763 -0.12059 1.7222
253 0.26818 0.015938 0.96324 0.038985 0.99886 -0.027382 -0.96258 0.044895 0.26725 6.61 -0.12146 1.7315
254 0.2679 0.016857 0.9633 0.037934 0.99889 -0.02803 -0.9627 0.044051 0.26697 6.6438 -0.12221 1.7409
255 0.26851 0.016282 0.96314 0.036072 0.99899 -0.026944 -0.9626 0.041977 0.26765 6.6784 -0.12302 1.7504
256 0.26814 0.016834 0.96323 0.033015 0.9991 -0.026652 -0.96281 0.038948 0.26734 6.7119 -0.12389 1.7599
257 0.26775 0.016398 0.96335 0.031622 0.99917 -0.025796 -0.96297 0.037369 0.26701 6.7449 -0.12466 1.7692
258 0.26776 0.013327 0.96339 0.031366 0.99925 -0.022541 -0.96297 0.036253 0.26714 6.7798 -0.12545 1.7791
259 0.2673 0.0092619 0.96357 0.032107 0.99931 -0.018513 -0.96308 0.035886 0.26682 6.8129 -0.12593 1.7883
260 0.26699 0.0062025 0.96368 0.033977 0.9993 -0.015845 -0.9631 0.036973 0.26659 6.847 -0.12641 1.7978
261 0.26695 0.0056835 0.96369 0.035413 0.99925 -0.015703 -0.96306 0.03832 0.26655 6.881 -0.127 1.8072
262 0.26618 0.0086088 0.96389 0.036661 0.99915 -0.019048 -0.96323 0.040407 0.26563 6.915 -0.12744 1.8171
263 0.26582 0.012297 0.96394 0.037447 0.99903 -0.023071 -0.96329 0.04223 0.26511 6.9486 -0.1279 1.8262
264 0.26524 0.012685 0.9641 0.036914 0.99905 -0.0233 -0.96348 0.041769 0.26452 6.9816 -0.12874 1.8351
265 0.26412 0.0098249 0.96444 0.037017 0.99911 -0.020315 -0.96378 0.041066 0.26352 7.0148 -0.12934 1.8443
266 0.26343 0.0066762 0.96466 0.037651 0.99914 -0.017197 -0.96394 0.040851 0.26295 7.0481 -0.13025 1.8532
267 0.26216 0.005364 0.96501 0.038671 0.99912 -0.016059 -0.96425 0.041528 0.26172 7.0819 -0.13089 1.8628
268 0.26127 0.0043196 0.96526 0.039131 0.99912 -0.015063 -0.96447 0.041707 0.26087 7.1162 -0.13135 1.8724
269 0.26098 0.0029365 0.96534 0.041087 0.99906 -0.014147 -0.96447 0.043355 0.26061 7.1501 -0.13191 1.8812
270 0.2605 0.0065514 0.96545 0.043271 0.99889 -0.018454 -0.9645 0.046583 0.25993 7.1838 -0.13245 1.8902
271 0.26003 0.013978 0.9655 0.04484 0.99864 -0.026534 -0.96456 0.050193 0.25905 7.2165 -0.13317 1.8989
272 0.25888 0.015453 0.96579 0.043355 0.99868 -0.0276 -0.96494 0.049016 0.25787 7.2496 -0.13398 1.9082
273 0.25838 0.01605 0.96591 0.042018 0.99873 -0.027835 -0.96513 0.047778 0.25737 7.2834 -0.13496 1.9171
274 0.25721 0.015935 0.96623 0.035888 0.99902 -0.026029 -0.96569 0.041371 0.25638 7.3162 -0.13592 1.926
275 0.2555 0.016274 0.96667 0.030677 0.99922 -0.024931 -0.96632 0.036025 0.2548 7.3492 -0.13671 1.9351
276 0.2543 0.015991 0.96699 0.026595 0.99937 -0.02352 -0.96676 0.031698 0.25371 7.3827 -0.13761 1.9442
277 0.25382 0.014322 0.96715 0.025526 0.99944 -0.0215 -0.96692 0.030144 0.25331 7.4162 -0.13835 1.9531
278 0.25332 0.011708 0.96731 0.025623 0.99949 -0.018808 -0.96704 0.02955 0.25289 7.4496 -0.13918 1.9619
279 0.25301 0.011024 0.9674 0.026754 0.99947 -0.018386 -0.96709 0.030534 0.25258 7.483 -0.13967 1.9707
280 0.25274 0.0088228 0.96749 0.028932 0.99944 -0.016672 -0.9671 0.032205 0.25235 7.5156 -0.14052 1.9795
281 0.25325 0.0079087 0.96737 0.030755 0.9994 -0.016222 -0.96691 0.03386 0.25286 7.5489 -0.14099 1.988
282 0.25362 0.0065796 0.96728 0.032028 0.99937 -0.015196 -0.96677 0.034834 0.25325 7.5822 -0.14142 1.9966
283 0.25389 0.0065609 0.96721 0.031612 0.99939 -0.015077 -0.96672 0.034403 0.25353 7.6145 -0.14203 2.005
284 0.25439 0.0060688 0.96708 0.032347 0.99937 -0.01478 -0.96656 0.035042 0.25403 7.6473 -0.14247 2.0139
285 0.25484 0.0049894 0.96697 0.03356 0.99934 -0.014001 -0.9664 0.036019 0.25451 7.6804 -0.14301 2.0227
286 0.25497 0.0059366 0.96693 0.033691 0.99932 -0.01502 -0.96636 0.036406 0.2546 7.7128 -0.14338 2.0316
287 0.25516 0.0060496 0.96688 0.036002 0.99923 -0.015753 -0.96623 0.038829 0.25475 7.7457 -0.14403 2.0405
288 0.25569 0.0065648 0.96674 0.036758 0.99919 -0.016508 -0.96606 0.039757 0.25525 7.7774 -0.14466 2.049
289 0.25655 0.0073998 0.9665 0.038269 0.99911 -0.017808 -0.96577 0.041556 0.25604 7.8109 -0.14526 2.058
290 0.25845 0.0076748 0.96599 0.038494 0.99909 -0.018237 -0.96526 0.041898 0.25792 7.8446 -0.14621 2.0662
291 0.25855 0.0061067 0.96598 0.037706 0.99915 -0.016409 -0.96526 0.040666 0.2581 7.8778 -0.14651 2.0757
292 0.25981 0.0040337 0.96565 0.038107 0.99917 -0.014427 -0.96491 0.040546 0.25944 7.9099 -0.14705 2.0842
293 0.26078 0.0038673 0.96539 0.038425 0.99916 -0.014382 -0.96463 0.040846 0.26041 7.944 -0.14745 2.0931
294 0.26204 0.0049385 0.96505 0.038796 0.99912 -0.015647 -0.96428 0.04154 0.26161 7.9771 -0.14806 2.102
295 0.26337 0.007101 0.96467 0.038314 0.99911 -0.017815 -0.96393 0.041652 0.26286 8.0101 -0.14836 2.111
296 0.26423 0.0076012 0.96443 0.037506 0.99913 -0.01815 -0.96373 0.040968 0.26371 8.0432 -0.14914 2.1201
297 0.2655 0.0086059 0.96407 0.036646 0.99915 -0.019011 -0.96342 0.040377 0.26495 8.0758 -0.14957 2.1291
298 0.26588 0.0090424 0.96396 0.036058 0.99916 -0.019318 -0.96333 0.039895 0.26534 8.1074 -0.15011 2.138
299 0.26713 0.0087729 0.96362 0.037063 0.99913 -0.019371 -0.96295 0.04089 0.26658 8.1404 -0.15075 2.1472
300 0.26804 0.0091838 0.96336 0.037906 0.99908 -0.020071 -0.96266 0.041898 0.26745 8.1732 -0.15124 2.1562
301 0.26996 0.0090082 0.96283 0.037964 0.99908 -0.019992 -0.96212 0.04195 0.26937 8.2064 -0.15203 2.1653
302 0.27076 0.0095167 0.9626 0.038773 0.99903 -0.020783 -0.96187 0.04295 0.27013 8.2387 -0.15266 2.1745
303 0.27116 0.0096521 0.96249 0.039239 0.99901 -0.021073 -0.96173 0.043482 0.27051 8.2705 -0.15317 2.1836
304 0.27221 0.0096881 0.96219 0.040232 0.99896 -0.02144 -0.9614 0.044547 0.27154 8.3032 -0.15387 2.1928
305 0.27387 0.010346 0.96171 0.041902 0.99886 -0.022679 -0.96085 0.046509 0.27313 8.3355 -0.15475 2.2018
306 0.27511 0.012336 0.96133 0.042179 0.9988 -0.024887 -0.96049 0.047394 0.27426 8.369 -0.15532 2.2112
307 0.27608 0.011356 0.96107 0.044193 0.99872 -0.024496 -0.96012 0.049235 0.27522 8.4017 -0.15619 2.2204
308 0.27551 0.011252 0.96123 0.042486 0.99881 -0.023869 -0.96036 0.047415 0.27471 8.4341 -0.1566 2.2302
309 0.27593 0.012102 0.9611 0.043305 0.99875 -0.025009 -0.9602 0.048521 0.27506 8.4665 -0.15724 2.2395
310 0.27576 0.015766 0.9611 0.040723 0.99878 -0.028068 -0.96036 0.046878 0.27478 8.499 -0.15792 2.2493
311 0.2759 0.016672 0.96104 0.039866 0.99879 -0.028772 -0.96036 0.046251 0.2749 8.5309 -0.15898 2.2579
312 0.27643 0.015828 0.9609 0.038522 0.99888 -0.027535 -0.96026 0.044628 0.27551 8.5617 -0.15951 2.2667
313 0.27622 0.016093 0.96096 0.038687 0.99886 -0.027848 -0.96031 0.044869 0.27529 8.5942 -0.16039 2.2764
314 0.27624 0.017758 0.96092 0.039963 0.99875 -0.029945 -0.96026 0.046674 0.27519 8.6263 -0.16117 2.2855
