1 0 0 0 0 0 0 0 0 0 0 0 0
2 1 0.0011883 -0.0011464 -0.0011872 1 0.0009285 0.0011475 -0.0009271 1 -0.0006243 -4.91e-05 0.052252
3 0.99982 0.0069731 0.017669 -0.0069259 0.99997 -0.0027349 -0.017688 0.0026121 0.99984 -0.010251 0.0013796 0.078391
4 0.9993 0.01147 0.035601 -0.01128 0.99992 -0.0055254 -0.035661 0.00512 0.99935 -0.01957 0.0026539 0.10373
5 0.99864 0.014104 0.050225 -0.013629 0.99986 -0.009798 -0.050356 0.0091002 0.99869 -0.026088 0.0046206 0.12706
6 0.99785 0.016574 0.063429 -0.015779 0.99979 -0.01302 -0.063632 0.011991 0.9979 -0.033066 0.0060181 0.15401
7 0.99793 0.017418 0.061902 -0.016826 0.99981 -0.010074 -0.062066 0.0090119 0.99803 -0.03258 0.0041334 0.16462
8 0.99815 0.016117 0.058621 -0.015433 0.99981 -0.012117 -0.058805 0.011189 0.99821 -0.032861 0.0045634 0.17825
9 0.99768 0.016713 0.066012 -0.015963 0.9998 -0.011874 -0.066197 0.010793 0.99775 -0.036257 0.0033065 0.19358
10 0.99719 0.017762 0.072731 -0.016834 0.99977 -0.013354 -0.072952 0.012093 0.99726 -0.039211 0.0031554 0.20847
11 0.99691 0.017308 0.076616 -0.016217 0.99976 -0.014842 -0.076854 0.013553 0.99695 -0.040373 0.0027915 0.22475
12 0.99656 0.017705 0.080914 -0.016505 0.99974 -0.015481 -0.081168 0.014092 0.9966 -0.042058 0.0025831 0.24011
13 0.99616 0.017747 0.085756 -0.016483 0.99974 -0.015431 -0.086009 0.013959 0.9962 -0.043286 0.0023628 0.25517
14 0.99568 0.018534 0.090958 -0.017351 0.99975 -0.013781 -0.091191 0.012143 0.99576 -0.044443 0.0017609 0.27015
15 0.99534 0.018669 0.094619 -0.017568 0.99977 -0.012453 -0.09483 0.010732 0.99544 -0.045435 0.0015507 0.28608
16 0.99487 0.019872 0.099183 -0.018846 0.99976 -0.011268 -0.099383 0.0093407 0.99501 -0.046158 0.0013008 0.3019
17 0.99425 0.018988 0.10537 -0.017851 0.99977 -0.01173 -0.10557 0.009782 0.99436 -0.047295 0.001637 0.31742
18 0.99352 0.020599 0.11176 -0.019366 0.99974 -0.012106 -0.11198 0.0098634 0.99366 -0.0479 0.0016571 0.33328
19 0.99277 0.020372 0.11831 -0.019057 0.99974 -0.012238 -0.11853 0.0098945 0.9929 -0.048507 0.0016502 0.34866
20 0.99248 0.019391 0.12086 -0.018159 0.99977 -0.011293 -0.12105 0.0090132 0.99261 -0.047964 0.0012911 0.3648
21 0.99212 0.018314 0.12392 -0.016693 0.99976 -0.014108 -0.12414 0.011928 0.99219 -0.047295 0.0012378 0.38102
22 0.99163 0.017274 0.12798 -0.015809 0.9998 -0.012456 -0.12816 0.010328 0.9917 -0.046793 0.0007573 0.3971
23 0.9912 0.016681 0.13129 -0.01539 0.99982 -0.010843 -0.13145 0.0087269 0.99128 -0.045896 0.0005937 0.41335
24 0.99084 0.01557 0.13412 -0.014461 0.99985 -0.0092397 -0.13424 0.0072156 0.99092 -0.044493 0.0003335 0.4295
25 0.99019 0.015349 0.1389 -0.014137 0.99985 -0.0097131 -0.13903 0.0076542 0.99026 -0.043445 0.0002795 0.44533
26 0.99013 0.015666 0.13929 -0.014303 0.99984 -0.01078 -0.13944 0.0086814 0.99019 -0.042005 0.000465 0.46255
27 0.9898 0.015845 0.14155 -0.014392 0.99983 -0.011284 -0.1417 0.009132 0.98987 -0.040391 0.0002827 0.47836
28 0.99007 0.016203 0.13965 -0.014606 0.99982 -0.01245 -0.13983 0.010287 0.99012 -0.038554 0.0003396 0.49494
29 0.98975 0.017914 0.14168 -0.016005 0.99977 -0.014603 -0.14191 0.012186 0.98981 -0.036938 0.0004029 0.51029
30 0.9895 0.01855 0.14333 -0.016597 0.99975 -0.014808 -0.14357 0.012274 0.98956 -0.035287 0.0003827 0.52564
31 0.98997 0.020212 0.13984 -0.018501 0.99974 -0.013528 -0.14008 0.010805 0.99008 -0.033498 0.0001091 0.54238
32 0.98983 0.021131 0.14069 -0.019457 0.99972 -0.013258 -0.14093 0.010386 0.98996 -0.031813 -9.06e-05 0.55717
33 0.98947 0.022034 0.14304 -0.020318 0.9997 -0.013442 -0.1433 0.010394 0.98963 -0.030306 -0.0004707 0.57145
34 0.99129 0.020496 0.1301 -0.018926 0.99973 -0.013291 -0.13034 0.010713 0.99141 -0.027829 -0.0006607 0.58228
35 0.9915 0.021015 0.12843 -0.019454 0.99972 -0.0134 -0.12868 0.010788 0.99163 -0.026242 -0.0009964 0.59659
36 0.99278 0.01967 0.11835 -0.01839 0.99976 -0.011895 -0.11856 0.0096325 0.9929 -0.024304 -0.0013281 0.60891
37 0.99377 0.01911 0.10976 -0.018051 0.99978 -0.01064 -0.10994 0.0085927 0.9939 -0.022272 -0.0015526 0.62295
38 0.99492 0.018947 0.098827 -0.018264 0.9998 -0.0078192 -0.098956 0.0059746 0.99507 -0.020299 -0.001782 0.63724
39 0.99572 0.019326 0.09041 -0.01878 0.9998 -0.0068843 -0.090525 0.0051569 0.99588 -0.018787 -0.0019422 0.6504
40 0.99565 0.020407 0.090962 -0.019789 0.99977 -0.0076978 -0.091099 0.0058643 0.99582 -0.017778 -0.0021103 0.66351
41 0.99615 0.02057 0.085162 -0.019972 0.99977 -0.0078614 -0.085304 0.0061303 0.99634 -0.016718 -0.0022816 0.67697
42 0.99617 0.020517 0.085042 -0.019858 0.99977 -0.0085777 -0.085198 0.006856 0.99634 -0.01571 -0.002518 0.68984
43 0.9967 0.01961 0.078803 -0.018893 0.99977 -0.009836 -0.078978 0.0083147 0.99684 -0.014964 -0.0024999 0.70304
44 0.99669 0.020131 0.078796 -0.019358 0.99976 -0.010561 -0.07899 0.0090002 0.99683 -0.014087 -0.0025485 0.71573
45 0.9972 0.018971 0.072392 -0.018313 0.99978 -0.0097399 -0.072561 0.0083868 0.99733 -0.013123 -0.0027828 0.72904
46 0.99723 0.018957 0.071941 -0.018263 0.99978 -0.010288 -0.072121 0.0089459 0.99736 -0.012315 -0.0029573 0.74183
47 0.99752 0.01888 0.067814 -0.018154 0.99977 -0.011296 -0.068012 0.010037 0.99763 -0.011622 -0.0029928 0.75476
48 0.99759 0.018101 0.067014 -0.017317 0.99977 -0.012261 -0.067221 0.011071 0.99768 -0.01083 -0.0033031 0.76734
49 0.9978 0.017908 0.063886 -0.017154 0.99978 -0.012322 -0.064092 0.011199 0.99788 -0.010289 -0.0033843 0.78049
50 0.99783 0.018308 0.063202 -0.017643 0.99978 -0.011059 -0.063391 0.0099194 0.99794 -0.0096141 -0.0034784 0.79304
51 0.99792 0.018843 0.061689 -0.018258 0.99978 -0.010041 -0.061865 0.0088938 0.99804 -0.0089921 -0.003648 0.80597
52 0.99792 0.019499 0.061385 -0.018924 0.99977 -0.0099406 -0.061565 0.0087583 0.99806 -0.0084126 -0.0038695 0.81824
53 0.99798 0.019984 0.06024 -0.019389 0.99976 -0.010447 -0.060434 0.009258 0.99813 -0.0078647 -0.0039666 0.83109
54 0.99804 0.01977 0.059342 -0.019202 0.99976 -0.010113 -0.059528 0.0089538 0.99819 -0.0072747 -0.0041669 0.84342
55 0.99807 0.020286 0.058654 -0.019723 0.99975 -0.010172 -0.058846 0.0089952 0.99823 -0.0066587 -0.0043668 0.85548
56 0.99835 0.018265 0.054526 -0.017787 0.9998 -0.0092362 -0.054684 0.0082511 0.99847 -0.0060468 -0.0044675 0.86785
57 0.99841 0.017186 0.053642 -0.016784 0.99983 -0.0079485 -0.053769 0.0070356 0.99853 -0.0054692 -0.0046174 0.87978
58 0.99846 0.016824 0.052806 -0.016472 0.99984 -0.0070959 -0.052917 0.0062152 0.99858 -0.0050914 -0.0047816 0.89132
59 0.99849 0.016345 0.052379 -0.015964 0.99984 -0.0076898 -0.052496 0.006842 0.9986 -0.004597 -0.0048184 0.90291
60 0.99858 0.015489 0.050998 -0.015183 0.99986 -0.0063885 -0.05109 0.0056052 0.99868 -0.0042698 -0.0050222 0.91511
61 0.99862 0.015162 0.050348 -0.014928 0.99988 -0.0050137 -0.050418 0.0042551 0.99872 -0.0037489 -0.0052088 0.92637
62 0.99864 0.01586 0.049574 -0.015645 0.99987 -0.0047074 -0.049642 0.0039254 0.99876 -0.0033482 -0.0053006 0.93764
63 0.99865 0.016303 0.049255 -0.016123 0.99986 -0.0040622 -0.049314 0.0032626 0.99878 -0.003001 -0.0053942 0.94852
64 0.99869 0.017171 0.048253 -0.01698 0.99985 -0.0043587 -0.04832 0.0035336 0.99883 -0.0024789 -0.0055369 0.95929
65 0.99868 0.01843 0.047869 -0.018164 0.99982 -0.0059781 -0.04797 0.0051007 0.99884 -0.002144 -0.005683 0.9709
66 0.9987 0.018887 0.047397 -0.018565 0.9998 -0.0072155 -0.047524 0.0063262 0.99885 -0.0018525 -0.0057133 0.98115
67 0.99875 0.019049 0.046192 -0.018749 0.9998 -0.0069203 -0.046314 0.0060457 0.99891 -0.0012843 -0.0058942 0.99159
68 0.99876 0.01945 0.045916 -0.019147 0.99979 -0.0070189 -0.046043 0.006131 0.99892 -0.0009332 -0.0060019 1.0019
69 0.99882 0.020236 0.044165 -0.019974 0.99978 -0.0063438 -0.044283 0.0054542 0.999 -0.0003958 -0.0061915 1.0123
70 0.99884 0.020319 0.04355 -0.02005 0.99978 -0.0066139 -0.043675 0.0057331 0.99903 -1.29e-05 -0.0062757 1.0226
71 0.99889 0.020323 0.042491 -0.020072 0.99978 -0.0063366 -0.042611 0.0054767 0.99908 6.82e-05 -0.0064863 1.0326
72 0.99893 0.02116 0.041131 -0.020906 0.99976 -0.0065938 -0.041261 0.0057269 0.99913 0.0003704 -0.0064676 1.0431
73 0.99896 0.020786 0.040461 -0.020546 0.99977 -0.0063569 -0.040584 0.005519 0.99916 0.0007295 -0.0065995 1.0529
74 0.999 0.020445 0.039764 -0.020213 0.99978 -0.0062282 -0.039882 0.0054182 0.99919 0.0010574 -0.0067674 1.0627
75 0.99903 0.020345 0.038933 -0.020108 0.99978 -0.0064706 -0.039056 0.0056815 0.99922 0.0011599 -0.0067491 1.0724
76 0.99907 0.020302 0.03812 -0.02009 0.99978 -0.0059273 -0.038232 0.005156 0.99926 0.001429 -0.0068441 1.082
77 0.99911 0.020377 0.036882 -0.020182 0.99978 -0.0056671 -0.036989 0.0049177 0.9993 0.0016177 -0.0069856 1.0914
78 0.99916 0.019997 0.035798 -0.019806 0.99979 -0.0056863 -0.035904 0.0049725 0.99934 0.0018065 -0.0070447 1.1008
79 0.99917 0.020678 0.035088 -0.020473 0.99977 -0.0061673 -0.035207 0.0054438 0.99937 0.0018968 -0.0071397 1.11
80 0.99919 0.020792 0.034566 -0.020563 0.99976 -0.0069739 -0.034703 0.0062575 0.99938 0.0021393 -0.0072078 1.1192
81 0.99921 0.021253 0.033546 -0.021018 0.99975 -0.0073365 -0.033694 0.0066256 0.99941 0.0024549 -0.0073379 1.1294
82 0.99923 0.021624 0.032888 -0.021396 0.99974 -0.0072789 -0.033037 0.0065695 0.99943 0.002651 -0.0074375 1.1386
83 0.99925 0.021122 0.032301 -0.020904 0.99976 -0.0070725 -0.032442 0.006392 0.99945 0.0029196 -0.0074696 1.1477
84 0.99926 0.021264 0.03191 -0.021051 0.99975 -0.0069979 -0.032051 0.006321 0.99947 0.0029858 -0.0075643 1.1567
85 0.99928 0.021279 0.031282 -0.021085 0.99976 -0.0065299 -0.031413 0.0058657 0.99949 0.0032709 -0.0077448 1.1657
86 0.99928 0.021777 0.031019 -0.021602 0.99975 -0.0059852 -0.031141 0.0053109 0.9995 0.0034851 -0.0078249 1.1747
87 0.99927 0.022615 0.030828 -0.022443 0.99973 -0.0059136 -0.030954 0.0052174 0.99951 0.0034243 -0.007833 1.1837
88 0.99929 0.022288 0.030348 -0.022135 0.99974 -0.0053516 -0.03046 0.004676 0.99953 0.003555 -0.0078987 1.1927
89 0.99931 0.022412 0.02961 -0.022272 0.99974 -0.0050632 -0.029716 0.0044003 0.99955 0.0038143 -0.0080459 1.2015
90 0.99931 0.022163 0.029651 -0.022013 0.99974 -0.0053758 -0.029762 0.0047194 0.99955 0.00398 -0.0080459 1.2103
91 0.99934 0.021951 0.029103 -0.02182 0.99975 -0.0048107 -0.029201 0.0041724 0.99956 0.004232 -0.0081296 1.2191
92 0.99936 0.021826 0.028396 -0.021715 0.99976 -0.0041817 -0.02848 0.0035624 0.99959 0.0044175 -0.0081842 1.2278
93 0.99934 0.02185 0.028958 -0.021737 0.99975 -0.0042126 -0.029043 0.0035804 0.99957 0.0045622 -0.008247 1.2363
94 0.99933 0.022198 0.029212 -0.022055 0.99974 -0.0051991 -0.02932 0.0045514 0.99956 0.0046957 -0.008276 1.2452
95 0.99932 0.021694 0.029797 -0.021519 0.99975 -0.0061627 -0.029923 0.0055173 0.99954 0.0047902 -0.0082814 1.2538
96 0.9993 0.022019 0.030228 -0.021848 0.99974 -0.0059729 -0.030351 0.0053083 0.99953 0.0049932 -0.0083131 1.2621
97 0.9993 0.020978 0.03089 -0.020805 0.99977 -0.0059015 -0.031006 0.0052547 0.99951 0.0051709 -0.0083429 1.2703
98 0.99932 0.01977 0.03112 -0.019609 0.99979 -0.0054901 -0.031223 0.0048761 0.9995 0.0051922 -0.0084356 1.2789
99 0.99933 0.018618 0.031569 -0.01845 0.99981 -0.005603 -0.031668 0.0050168 0.99949 0.0053973 -0.0084477 1.2869
100 0.99935 0.017478 0.031608 -0.017353 0.99984 -0.0042335 -0.031677 0.0036823 0.99949 0.0057057 -0.0086211 1.2948
101 0.99929 0.018089 0.033023 -0.017923 0.99982 -0.0053438 -0.033114 0.0047481 0.99944 0.0057292 -0.0086639 1.3023
102 0.99932 0.017435 0.032502 -0.017239 0.99983 -0.0062922 -0.032606 0.0057276 0.99945 0.0059725 -0.0087072 1.3106
103 0.99931 0.017295 0.032826 -0.017066 0.99983 -0.0072512 -0.032946 0.006686 0.99943 0.0061055 -0.0088134 1.3177
104 0.9993 0.016755 0.033374 -0.016458 0.99982 -0.0091515 -0.033521 0.0085958 0.9994 0.0063396 -0.0088463 1.3251
105 0.99927 0.017692 0.033942 -0.017362 0.9998 -0.0099777 -0.034111 0.0093811 0.99937 0.0065356 -0.0089721 1.3322
106 0.99926 0.017559 0.034245 -0.017244 0.99981 -0.0094758 -0.034405 0.0088782 0.99937 0.006742 -0.0090332 1.3397
107 0.99927 0.0177 0.033896 -0.017421 0.99981 -0.0085048 -0.03404 0.0079081 0.99939 0.0069888 -0.0091174 1.3484
108 0.99923 0.018755 0.034545 -0.018489 0.9998 -0.0079931 -0.034688 0.0073482 0.99937 0.0072171 -0.0091908 1.3556
109 0.99919 0.019621 0.035257 -0.019339 0.99978 -0.0083212 -0.035412 0.0076326 0.99934 0.0073939 -0.0093299 1.3627
110 0.99913 0.020186 0.036386 -0.019849 0.99976 -0.0095867 -0.03657 0.0088561 0.99929 0.0075545 -0.0093506 1.3697
111 0.99905 0.021377 0.037973 -0.021014 0.99973 -0.009931 -0.038175 0.0091236 0.99923 0.0078062 -0.0094657 1.3767
112 0.99899 0.021824 0.039317 -0.021472 0.99973 -0.0093696 -0.039511 0.0085159 0.99918 0.0079542 -0.0094919 1.3832
113 0.99892 0.02261 0.040614 -0.02224 0.99971 -0.0095359 -0.040817 0.0086223 0.99913 0.0081261 -0.0095234 1.3898
114 0.99886 0.022496 0.042061 -0.022134 0.99971 -0.0090642 -0.042253 0.0081229 0.99907 0.008287 -0.0096586 1.3961
115 0.9988 0.022452 0.043492 -0.022058 0.99971 -0.0095067 -0.043693 0.0085359 0.99901 0.0085355 -0.0097161 1.4027
116 0.99872 0.023368 0.044817 -0.02295 0.99969 -0.0098253 -0.045033 0.0087842 0.99895 0.0087543 -0.0097635 1.409
117 0.99868 0.023012 0.045917 -0.022573 0.99969 -0.010046 -0.046134 0.0089963 0.99889 0.0090171 -0.0098502 1.4155
118 0.99862 0.022989 0.047264 -0.022549 0.9997 -0.0098225 -0.047475 0.0087432 0.99883 0.0092284 -0.0099378 1.4218
119 0.99859 0.022645 0.047957 -0.022213 0.99971 -0.0095097 -0.048158 0.0084311 0.9988 0.0094795 -0.010041 1.4282
120 0.99861 0.022036 0.047982 -0.021596 0.99972 -0.0096677 -0.048182 0.0086179 0.9988 0.0097142 -0.0101 1.4344
121 0.99865 0.021557 0.047231 -0.021122 0.99973 -0.0096838 -0.047427 0.0086731 0.99884 0.0099931 -0.010127 1.4407
122 0.99874 0.021264 0.045476 -0.020875 0.99974 -0.0090059 -0.045656 0.0080452 0.99892 0.010259 -0.010171 1.4472
123 0.99883 0.021071 0.043508 -0.020717 0.99975 -0.0085641 -0.043678 0.0076527 0.99902 0.010429 -0.010253 1.4535
124 0.99893 0.020961 0.041107 -0.02065 0.99976 -0.0079711 -0.041264 0.0071137 0.99912 0.010658 -0.010347 1.4599
125 0.99903 0.020936 0.038859 -0.020605 0.99975 -0.0088973 -0.039035 0.008088 0.99921 0.010859 -0.010354 1.4661
126 0.99911 0.020953 0.036643 -0.020622 0.99974 -0.0093958 -0.036831 0.0086317 0.99928 0.01104 -0.01046 1.4724
127 0.99916 0.02097 0.03509 -0.020615 0.99973 -0.010443 -0.0353 0.0097114 0.99933 0.011222 -0.010509 1.4785
128 0.99922 0.02095 0.033574 -0.020573 0.99972 -0.011535 -0.033806 0.010835 0.99937 0.011303 -0.010533 1.4847
129 0.99925 0.020418 0.032791 -0.020021 0.99972 -0.012403 -0.033035 0.011737 0.99939 0.011444 -0.010616 1.491
130 0.99927 0.020646 0.032193 -0.020235 0.99971 -0.013043 -0.032453 0.012382 0.9994 0.011608 -0.010693 1.4972
131 0.99929 0.020214 0.03185 -0.019809 0.99972 -0.012983 -0.032104 0.012343 0.99941 0.011716 -0.01071 1.5034
132 0.99931 0.019881 0.031241 -0.019516 0.99974 -0.011952 -0.031471 0.011334 0.99944 0.011892 -0.010813 1.5099
133 0.99932 0.019976 0.030852 -0.019607 0.99973 -0.012213 -0.031088 0.0116 0.99945 0.012049 -0.010877 1.5162
134 0.99936 0.019634 0.029928 -0.019269 0.99974 -0.012422 -0.030164 0.011837 0.99947 0.012248 -0.010951 1.5229
135 0.99936 0.019436 0.029865 -0.019065 0.99974 -0.012664 -0.030103 0.012087 0.99947 0.012357 -0.011001 1.5293
136 0.99938 0.01943 0.029314 -0.01906 0.99974 -0.012851 -0.029556 0.012284 0.99949 0.012513 -0.011077 1.5355
137 0.9994 0.019008 0.029048 -0.018631 0.99974 -0.013197 -0.029291 0.012648 0.99949 0.012653 -0.011097 1.542
138 0.99946 0.018569 0.02698 -0.018232 0.99975 -0.012668 -0.027209 0.012169 0.99956 0.012903 -0.011221 1.5507
139 0.99947 0.018788 0.026525 -0.018457 0.99975 -0.012675 -0.026757 0.012179 0.99957 0.012999 -0.011244 1.5574
140 0.99948 0.019078 0.026077 -0.018769 0.99975 -0.012039 -0.0263 0.011543 0.99959 0.013133 -0.01133 1.5638
141 0.99949 0.018972 0.02586 -0.01865 0.99975 -0.012635 -0.026093 0.012146 0.99959 0.013272 -0.011362 1.5704
142 0.9995 0.018726 0.02561 -0.018393 0.99974 -0.01321 -0.025851 0.012732 0.99958 0.013329 -0.011421 1.5773
143 0.9995 0.019139 0.025196 -0.018813 0.99974 -0.013103 -0.02544 0.012622 0.9996 0.013503 -0.011476 1.5841
144 0.99949 0.019808 0.024966 -0.019481 0.99972 -0.013266 -0.025222 0.012773 0.9996 0.013563 -0.011451 1.5908
145 0.99951 0.019624 0.024188 -0.01932 0.99973 -0.012766 -0.024432 0.012293 0.99963 0.013723 -0.011578 1.5976
146 0.99952 0.019631 0.023866 -0.019341 0.99974 -0.012329 -0.024102 0.011862 0.99964 0.01378 -0.011636 1.6044
147 0.99953 0.020253 0.023218 -0.019978 0.99973 -0.01202 -0.023455 0.011551 0.99966 0.013937 -0.011711 1.6113
148 0.99952 0.020599 0.022979 -0.02032 0.99972 -0.012316 -0.023226 0.011843 0.99966 0.014037 -0.011749 1.6181
149 0.99953 0.020691 0.022606 -0.020403 0.99971 -0.012884 -0.022866 0.012417 0.99966 0.014148 -0.011819 1.6249
150 0.99953 0.021141 0.022108 -0.020849 0.99969 -0.013344 -0.022383 0.012877 0.99967 0.014184 -0.011861 1.6318
151 0.99955 0.021256 0.021015 -0.020982 0.99969 -0.013138 -0.021287 0.012691 0.99969 0.014344 -0.011972 1.6387
152 0.99958 0.021821 0.019238 -0.021565 0.99968 -0.013453 -0.019526 0.013032 0.99972 0.014345 -0.012027 1.6457
153 0.99961 0.021915 0.017267 -0.021681 0.99967 -0.013647 -0.01756 0.013267 0.99976 0.014399 -0.0121 1.6526
154 0.99962 0.022976 0.015196 -0.022757 0.99964 -0.014396 -0.015521 0.014044 0.99978 0.01446 -0.012161 1.6594
155 0.99963 0.024017 0.012608 -0.023829 0.99961 -0.014839 -0.012959 0.014533 0.99981 0.014524 -0.01224 1.6663
156 0.99965 0.024155 0.010773 -0.023997 0.99961 -0.01458 -0.011121 0.014317 0.99984 0.014456 -0.01238 1.673
157 0.99966 0.02459 0.008115 -0.024469 0.99959 -0.014674 -0.0084726 0.014471 0.99986 0.014488 -0.012445 1.68
158 0.9997 0.02362 0.0059909 -0.023533 0.99962 -0.0142 -0.006324 0.014055 0.99988 0.014533 -0.012527 1.687
159 0.9997 0.024146 0.0040461 -0.024088 0.99962 -0.013642 -0.004374 0.013541 0.9999 0.014465 -0.012584 1.6941
160 0.99972 0.023822 0.0014775 -0.023799 0.99962 -0.013959 -0.0018094 0.01392 0.9999 0.014469 -0.012649 1.7013
161 0.99971 0.023937 3.9e-05 -0.023934 0.99961 -0.014355 -0.0003826 0.01435 0.9999 0.01436 -0.012689 1.7086
162 0.99971 0.023923 -0.0014327 -0.023941 0.9996 -0.014848 0.001077 0.014878 0.99989 0.014247 -0.012793 1.7162
163 0.9997 0.024254 -0.0027085 -0.024293 0.99958 -0.015493 0.0023316 0.015554 0.99988 0.014157 -0.012888 1.7236
164 0.9997 0.024195 -0.0040787 -0.024259 0.99957 -0.016487 0.003678 0.016581 0.99986 0.014078 -0.012921 1.7314
165 0.9997 0.023751 -0.0054814 -0.023842 0.99957 -0.017062 0.0050738 0.017188 0.99984 0.014013 -0.013005 1.7391
166 0.99969 0.023958 -0.006782 -0.024075 0.99955 -0.017754 0.0063536 0.017912 0.99982 0.013827 -0.013147 1.747
167 0.99969 0.023401 -0.0080466 -0.023545 0.99956 -0.018216 0.0076168 0.0184 0.9998 0.01368 -0.013213 1.755
168 0.9997 0.022351 -0.0097397 -0.022527 0.99958 -0.018327 0.0093259 0.018541 0.99978 0.013572 -0.013285 1.763
169 0.99967 0.022966 -0.011101 -0.023176 0.99955 -0.01919 0.010655 0.019441 0.99975 0.0134 -0.013276 1.7712
170 0.99969 0.021642 -0.012087 -0.021875 0.99957 -0.019477 0.01166 0.019735 0.99974 0.013156 -0.013489 1.7795
171 0.99966 0.022244 -0.013312 -0.022495 0.99957 -0.019009 0.012883 0.019302 0.99973 0.012979 -0.013614 1.788
172 0.99962 0.023114 -0.014971 -0.023392 0.99955 -0.01867 0.014533 0.019013 0.99971 0.01285 -0.013645 1.7966
173 0.99957 0.02412 -0.016471 -0.024413 0.99954 -0.017874 0.016032 0.018268 0.9997 0.012547 -0.013727 1.8056
174 0.99953 0.025106 -0.017842 -0.025413 0.99953 -0.017157 0.017403 0.017602 0.99969 0.012254 -0.013867 1.8144
175 0.99949 0.025274 -0.019707 -0.025617 0.99952 -0.017372 0.019259 0.017868 0.99965 0.012151 -0.013911 1.8238
176 0.99946 0.02544 -0.020898 -0.025806 0.99951 -0.017478 0.020443 0.018008 0.99963 0.011886 -0.01397 1.8328
177 0.99942 0.025494 -0.022571 -0.025892 0.99951 -0.017516 0.022114 0.01809 0.99959 0.011542 -0.014106 1.8421
178 0.9994 0.02551 -0.023276 -0.025938 0.9995 -0.018253 0.022798 0.018846 0.99956 0.011289 -0.014202 1.8514
179 0.99939 0.024916 -0.024313 -0.025363 0.99951 -0.018283 0.023846 0.018889 0.99954 0.010978 -0.014221 1.8611
180 0.99938 0.025031 -0.024672 -0.025456 0.99953 -0.017083 0.024233 0.0177 0.99955 0.010625 -0.014239 1.8706
181 0.99935 0.025444 -0.02551 -0.025834 0.99955 -0.015056 0.025116 0.015706 0.99956 0.01029 -0.014311 1.8804
182 0.99933 0.025625 -0.026084 -0.025991 0.99957 -0.01381 0.025719 0.014478 0.99956 0.0099678 -0.01444 1.89
183 0.99929 0.025657 -0.027765 -0.026043 0.99957 -0.013612 0.027403 0.014326 0.99952 0.0097838 -0.01453 1.9
184 0.99929 0.024308 -0.028676 -0.024743 0.99958 -0.014899 0.028302 0.015598 0.99948 0.0095009 -0.014586 1.9097
185 0.99928 0.024313 -0.029207 -0.024747 0.99959 -0.014603 0.02884 0.015315 0.99947 0.0089509 -0.014667 1.9202
186 0.99927 0.023734 -0.029845 -0.02416 0.99961 -0.013971 0.029502 0.014681 0.99946 0.0085841 -0.014722 1.9301
187 0.99925 0.023457 -0.030935 -0.023874 0.99963 -0.013172 0.030614 0.013901 0.99943 0.0083293 -0.014863 1.9407
188 0.99925 0.021689 -0.032024 -0.022131 0.99966 -0.013496 0.031721 0.014195 0.9994 0.0080023 -0.015004 1.951
189 0.99923 0.021537 -0.032733 -0.022011 0.99966 -0.014196 0.032416 0.014905 0.99936 0.0074935 -0.015066 1.9616
190 0.99922 0.021092 -0.033338 -0.021588 0.99966 -0.014592 0.033019 0.0153 0.99934 0.0070554 -0.015149 1.9721
191 0.99922 0.019896 -0.034162 -0.020468 0.99965 -0.016474 0.033823 0.01716 0.99928 0.0065644 -0.01521 1.9826
192 0.99921 0.019019 -0.034936 -0.019642 0.99965 -0.017587 0.034589 0.018259 0.99923 0.0061503 -0.015301 1.9931
193 0.99921 0.017857 -0.03555 -0.018474 0.99968 -0.017083 0.035234 0.017726 0.99922 0.0053782 -0.015388 2.0031
194 0.99917 0.018072 -0.0366 -0.018681 0.99969 -0.016345 0.036293 0.017015 0.9992 0.0051076 -0.015435 2.0139
195 0.99912 0.019201 -0.037399 -0.019856 0.99965 -0.017232 0.037055 0.017959 0.99915 0.0045972 -0.015516 2.0249
196 0.99906 0.020898 -0.0379 -0.021575 0.99961 -0.017538 0.037519 0.018339 0.99913 0.0041248 -0.015651 2.0357
197 0.99897 0.02333 -0.038939 -0.023999 0.99957 -0.016785 0.038531 0.017702 0.9991 0.0036617 -0.015687 2.0467
198 0.99894 0.024889 -0.038658 -0.025507 0.99955 -0.015577 0.038253 0.016547 0.99913 0.0030849 -0.015895 2.0577
199 0.99889 0.026232 -0.039147 -0.026841 0.99953 -0.015118 0.038732 0.016152 0.99912 0.0025706 -0.01604 2.0686
200 0.99887 0.027266 -0.039041 -0.027929 0.99947 -0.016519 0.03857 0.017591 0.9991 0.0020001 -0.016105 2.0798
201 0.99886 0.027335 -0.039113 -0.028028 0.99946 -0.017292 0.03862 0.018369 0.99909 0.0014585 -0.016219 2.0915
202 0.99888 0.027127 -0.03877 -0.027794 0.99947 -0.01676 0.038295 0.017818 0.99911 0.000782 -0.016281 2.1027
203 0.99889 0.025622 -0.039543 -0.026211 0.99955 -0.014462 0.039154 0.015482 0.99911 0.0005235 -0.01647 2.1144
204 0.99894 0.023922 -0.039382 -0.024461 0.99961 -0.013256 0.03905 0.014205 0.99914 -5.09e-05 -0.016552 2.126
205 0.99897 0.022142 -0.039696 -0.022671 0.99966 -0.012922 0.039397 0.013808 0.99913 -0.0005462 -0.016646 2.1375
206 0.99901 0.019773 -0.039791 -0.020321 0.9997 -0.013401 0.039514 0.014196 0.99912 -0.0010895 -0.016744 2.1493
207 0.99902 0.018421 -0.040189 -0.018891 0.99976 -0.011336 0.03997 0.012084 0.99913 -0.0016911 -0.016793 2.1609
208 0.99902 0.017653 -0.040498 -0.018044 0.99979 -0.0093242 0.040325 0.010046 0.99914 -0.002217 -0.016869 2.1727
209 0.99899 0.018465 -0.040913 -0.018921 0.99976 -0.010781 0.040704 0.011544 0.9991 -0.002832 -0.016984 2.1843
210 0.99896 0.019816 -0.040994 -0.020444 0.99968 -0.014955 0.040684 0.015778 0.99905 -0.0034696 -0.01703 2.1961
211 0.99889 0.021628 -0.041862 -0.022367 0.9996 -0.017245 0.041472 0.018162 0.99897 -0.0042677 -0.01707 2.2086
212 0.99885 0.022853 -0.042064 -0.023607 0.99957 -0.017526 0.041645 0.018499 0.99896 -0.0048588 -0.017084 2.2204
213 0.99879 0.023999 -0.042912 -0.024642 0.99959 -0.014517 0.042546 0.015557 0.99897 -0.0054327 -0.017519 2.2332
214 0.99874 0.024854 -0.043557 -0.025448 0.99959 -0.013132 0.043213 0.014224 0.99896 -0.0060367 -0.017514 2.2455
215 0.99871 0.02482 -0.0444 -0.025409 0.9996 -0.012736 0.044066 0.013848 0.99893 -0.0065879 -0.017646 2.2572
216 0.9987 0.024749 -0.04459 -0.02537 0.99959 -0.013416 0.044239 0.01453 0.99892 -0.0073219 -0.017616 2.2694
217 0.99868 0.024946 -0.044963 -0.025594 0.99958 -0.013906 0.044597 0.015039 0.99889 -0.0079214 -0.0178 2.2814
218 0.99865 0.02495 -0.045631 -0.025646 0.99956 -0.014714 0.045244 0.015864 0.99885 -0.0085435 -0.017817 2.2934
219 0.99865 0.024379 -0.04582 -0.025127 0.99956 -0.015823 0.045414 0.016953 0.99882 -0.0091437 -0.017928 2.3055
220 0.99862 0.023664 -0.046903 -0.02453 0.99954 -0.017977 0.046456 0.019102 0.99874 -0.0099032 -0.018032 2.3195
221 0.99863 0.021961 -0.047517 -0.022902 0.99955 -0.019348 0.047071 0.02041 0.99868 -0.010613 -0.018248 2.3328
222 0.99862 0.021235 -0.048108 -0.022157 0.99958 -0.018707 0.047691 0.019747 0.99867 -0.011255 -0.018418 2.345
223 0.99864 0.019447 -0.048392 -0.02032 0.99964 -0.017617 0.048032 0.018577 0.99867 -0.011863 -0.018599 2.3574
224 0.9986 0.019557 -0.049196 -0.020365 0.99966 -0.015986 0.048867 0.016966 0.99866 -0.012499 -0.018737 2.3704
225 0.9986 0.017927 -0.049868 -0.018743 0.9997 -0.015957 0.049567 0.016869 0.99863 -0.013086 -0.018829 2.3837
226 0.99857 0.017601 -0.050399 -0.018367 0.99972 -0.014785 0.050125 0.015689 0.99862 -0.013876 -0.018954 2.3963
227 0.99855 0.018149 -0.05069 -0.018882 0.99972 -0.014018 0.050422 0.014955 0.99862 -0.014647 -0.019026 2.4092
228 0.99857 0.01759 -0.05056 -0.018278 0.99975 -0.013186 0.050315 0.014091 0.99863 -0.015319 -0.019089 2.422
229 0.99858 0.01831 -0.049932 -0.019012 0.99973 -0.013615 0.049669 0.014545 0.99866 -0.016082 -0.019304 2.4349
230 0.99859 0.019299 -0.049373 -0.02006 0.99969 -0.014966 0.049069 0.015936 0.99867 -0.016672 -0.019388 2.4478
231 0.99866 0.019682 -0.047889 -0.02037 0.9997 -0.013919 0.0476 0.014876 0.99876 -0.017431 -0.019482 2.4607
232 0.99869 0.020745 -0.046782 -0.021417 0.99967 -0.013918 0.046478 0.014902 0.99881 -0.018136 -0.019634 2.4737
233 0.99876 0.020206 -0.045467 -0.020955 0.99965 -0.016059 0.045127 0.016992 0.99884 -0.018874 -0.019748 2.4868
234 0.99875 0.02031 -0.045642 -0.021081 0.99964 -0.016468 0.045291 0.01741 0.99882 -0.019574 -0.019883 2.5016
235 0.99879 0.020338 -0.044784 -0.020969 0.99969 -0.013674 0.044492 0.014597 0.9989 -0.020125 -0.019992 2.5148
236 0.99888 0.020592 -0.042635 -0.021172 0.99969 -0.013179 0.04235 0.014067 0.999 -0.02097 -0.019999 2.5276
237 0.99891 0.020764 -0.041892 -0.021358 0.99968 -0.013774 0.041593 0.014653 0.99903 -0.021786 -0.020155 2.5408
238 0.99891 0.02069 -0.041723 -0.021314 0.99967 -0.014562 0.041408 0.015435 0.99902 -0.022165 -0.020287 2.5541
239 0.99895 0.019276 -0.041548 -0.019851 0.99971 -0.013489 0.041276 0.0143 0.99905 -0.022852 -0.020419 2.5676
240 0.99898 0.018429 -0.041302 -0.018972 0.99974 -0.012806 0.041055 0.013577 0.99906 -0.023172 -0.020648 2.58
241 0.999 0.01788 -0.040972 -0.018439 0.99974 -0.013306 0.040724 0.014048 0.99907 -0.023801 -0.020739 2.5932
242 0.99901 0.017218 -0.041123 -0.017789 0.99975 -0.013572 0.040879 0.01429 0.99906 -0.024333 -0.020888 2.6062
243 0.99902 0.016551 -0.040969 -0.017128 0.99976 -0.013759 0.040732 0.014447 0.99907 -0.025075 -0.02102 2.6217
244 0.99903 0.016242 -0.040921 -0.016825 0.99976 -0.013947 0.040685 0.014622 0.99906 -0.02571 -0.021078 2.6358
245 0.99903 0.015949 -0.041071 -0.016535 0.99977 -0.013959 0.040839 0.014625 0.99906 -0.026275 -0.02112 2.6491
246 0.99905 0.015686 -0.040763 -0.016256 0.99977 -0.013672 0.04054 0.014321 0.99908 -0.026837 -0.02126 2.6623
247 0.99905 0.015982 -0.040584 -0.0165 0.99979 -0.012471 0.040376 0.013128 0.9991 -0.027444 -0.021374 2.6755
248 0.99905 0.016481 -0.040314 -0.017005 0.99977 -0.012684 0.040096 0.013357 0.99911 -0.028165 -0.021539 2.6893
249 0.99911 0.016325 -0.038984 -0.016922 0.99974 -0.015024 0.038729 0.015671 0.99913 -0.028914 -0.021644 2.7043
250 0.9991 0.015699 -0.039501 -0.016377 0.99972 -0.016899 0.039224 0.017531 0.99908 -0.029506 -0.021694 2.7186
251 0.99914 0.013885 -0.039061 -0.014503 0.99977 -0.015577 0.038836 0.01613 0.99912 -0.030076 -0.02187 2.7322
252 0.99916 0.012849 -0.038889 -0.013416 0.99981 -0.014346 0.038697 0.014856 0.99914 -0.030596 -0.021969 2.7458
253 0.99918 0.01151 -0.038771 -0.012053 0.99983 -0.013785 0.038606 0.014241 0.99915 -0.031172 -0.022073 2.7596
254 0.99918 0.010497 -0.039039 -0.01101 0.99986 -0.012932 0.038898 0.013351 0.99915 -0.031884 -0.022151 2.774
255 0.99919 0.010179 -0.039034 -0.010683 0.99986 -0.012748 0.038898 0.013154 0.99916 -0.032268 -0.022309 2.7879
256 0.99918 0.0096099 -0.039448 -0.01012 0.99987 -0.012743 0.039321 0.013131 0.99914 -0.033019 -0.022589 2.8018
257 0.99918 0.0080239 -0.039737 -0.0085959 0.99986 -0.014246 0.039617 0.014575 0.99911 -0.033647 -0.022544 2.8155
258 0.99919 0.0053597 -0.039964 -0.0058861 0.9999 -0.013068 0.03989 0.013292 0.99912 -0.034323 -0.022711 2.8297
259 0.99919 0.0037554 -0.039962 -0.0040737 0.99996 -0.0078879 0.039931 0.0080444 0.99917 -0.035192 -0.022606 2.8434
260 0.99916 0.0045424 -0.04062 -0.0047563 0.99998 -0.0051707 0.040595 0.0053595 0.99916 -0.035734 -0.022755 2.8571
261 0.99915 0.007756 -0.040431 -0.0081268 0.99993 -0.0090144 0.040358 0.0093354 0.99914 -0.036541 -0.022831 2.8739
262 0.9991 0.012242 -0.040638 -0.012711 0.99986 -0.011311 0.040494 0.011818 0.99911 -0.037101 -0.022965 2.8874
263 0.99905 0.01424 -0.041087 -0.014647 0.99985 -0.0096128 0.040944 0.010205 0.99911 -0.037656 -0.022941 2.9013
264 0.99904 0.015834 -0.040912 -0.016118 0.99985 -0.0066256 0.0408 0.0072786 0.99914 -0.038157 -0.0233 2.9152
265 0.99905 0.017072 -0.040114 -0.017286 0.99984 -0.0049866 0.040022 0.0056753 0.99918 -0.039073 -0.023349 2.9298
266 0.99907 0.017806 -0.03923 -0.018031 0.99982 -0.0053772 0.039128 0.0060795 0.99922 -0.03963 -0.023507 2.9431
267 0.99908 0.018838 -0.038576 -0.019083 0.9998 -0.005988 0.038456 0.0067186 0.99924 -0.040406 -0.023541 2.9575
268 0.99911 0.018782 -0.037839 -0.019044 0.9998 -0.006571 0.037708 0.0072857 0.99926 -0.041163 -0.023621 2.9714
269 0.99915 0.016877 -0.03755 -0.017157 0.99983 -0.0071408 0.037423 0.007779 0.99927 -0.041597 -0.023657 2.9843
270 0.99915 0.016045 -0.038055 -0.016315 0.99984 -0.0068112 0.037939 0.0074262 0.99925 -0.042224 -0.023618 2.9978
271 0.99912 0.014789 -0.039317 -0.01505 0.99987 -0.0063326 0.039218 0.0069187 0.99921 -0.042491 -0.023741 3.0114
272 0.99908 0.01511 -0.04011 -0.015391 0.99986 -0.0067175 0.040003 0.0073287 0.99917 -0.043145 -0.023827 3.0254
273 0.99903 0.015886 -0.04099 -0.016178 0.99985 -0.0067876 0.040876 0.0074441 0.99914 -0.044108 -0.023928 3.041
274 0.99898 0.016722 -0.041826 -0.017016 0.99983 -0.0066766 0.041707 0.0073815 0.9991 -0.044514 -0.024105 3.0543
275 0.99898 0.016613 -0.042099 -0.016917 0.99983 -0.0068851 0.041978 0.0075902 0.99909 -0.045284 -0.024132 3.0684
276 0.99897 0.01618 -0.04234 -0.0165 0.99984 -0.0072235 0.042216 0.0079147 0.99908 -0.045944 -0.024151 3.0826
277 0.99898 0.016653 -0.04195 -0.016987 0.99983 -0.0076179 0.041815 0.0083227 0.99909 -0.046815 -0.024151 3.0971
278 0.99898 0.016762 -0.041848 -0.017091 0.99983 -0.0075136 0.041715 0.0082212 0.9991 -0.047588 -0.024246 3.1103
279 0.99897 0.017057 -0.041991 -0.017381 0.99982 -0.0073744 0.041857 0.0080967 0.99909 -0.048223 -0.024332 3.1244
280 0.99897 0.01688 -0.042048 -0.017196 0.99983 -0.0071788 0.041919 0.0078945 0.99909 -0.048977 -0.024445 3.1383
281 0.99898 0.016261 -0.042103 -0.016584 0.99984 -0.0073332 0.041976 0.008024 0.99909 -0.049569 -0.024547 3.1523
282 0.999 0.015362 -0.042022 -0.01571 0.99984 -0.0079646 0.041893 0.0086168 0.99908 -0.050243 -0.024543 3.1656
283 0.99899 0.014781 -0.042515 -0.015159 0.99985 -0.0085795 0.042381 0.0092152 0.99906 -0.051002 -0.024605 3.1798
284 0.99899 0.014645 -0.042492 -0.015006 0.99985 -0.0081845 0.042366 0.0088139 0.99906 -0.051699 -0.024721 3.1935
285 0.99899 0.014858 -0.042446 -0.015208 0.99985 -0.0079227 0.042323 0.0085602 0.99907 -0.052402 -0.024825 3.2079
286 0.99897 0.015944 -0.042373 -0.016308 0.99983 -0.0082453 0.042235 0.0089279 0.99907 -0.053237 -0.0249 3.2213
287 0.99898 0.015914 -0.04236 -0.016264 0.99984 -0.0079352 0.042227 0.008616 0.99907 -0.053889 -0.024974 3.2352
288 0.99898 0.016107 -0.042184 -0.016431 0.99984 -0.0073454 0.042059 0.008031 0.99908 -0.05453 -0.025158 3.2487
289 0.99897 0.016019 -0.042344 -0.016301 0.99985 -0.0063346 0.042236 0.0070183 0.99908 -0.05527 -0.025118 3.2624
290 0.99898 0.015919 -0.042219 -0.016191 0.99985 -0.0060953 0.042116 0.0067726 0.99909 -0.055977 -0.025156 3.2755
291 0.99897 0.016527 -0.042311 -0.016783 0.99984 -0.0056934 0.04221 0.0063976 0.99909 -0.056615 -0.025266 3.2895
292 0.99896 0.016754 -0.042395 -0.016985 0.99984 -0.0051004 0.042303 0.0058152 0.99909 -0.057373 -0.025341 3.3029
293 0.99895 0.017241 -0.042332 -0.017472 0.99983 -0.0050903 0.042237 0.0058246 0.99909 -0.058145 -0.025427 3.3171
294 0.99895 0.018277 -0.042041 -0.018547 0.99981 -0.0060332 0.041923 0.0068066 0.9991 -0.058909 -0.025507 3.3307
295 0.99895 0.017654 -0.042325 -0.017987 0.99981 -0.0075022 0.042184 0.0082556 0.99908 -0.059404 -0.025659 3.3447
296 0.99892 0.018774 -0.042426 -0.019159 0.99978 -0.0086916 0.042253 0.0094951 0.99906 -0.060096 -0.02571 3.359
297 0.99888 0.018455 -0.043519 -0.018786 0.9998 -0.0072219 0.043377 0.0080314 0.99903 -0.061272 -0.025855 3.3762
