1 0 0 0 0 0 0 0 0 0 0 0 0
2 0 0 0 0 0 0 0 0 0 -5.0714e-05 3.1586e-05 0.0043075
3 0 0 0 0 0 0 0 0 0 -0.00010143 6.3171e-05 0.008615
4 0 0 0 0 0 0 0 0 0 -0.00015214 9.4757e-05 0.012923
5 0 0 0 0 0 0 0 0 0 -0.00020286 0.00012634 0.01723
6 0 0 0 0 0 0 0 0 0 -0.00025357 0.00015793 0.021538
7 0 0 0 0 0 0 0 0 0 -0.00030429 0.00018951 0.025845
8 0 0 0 0 0 0 0 0 0 -0.000355 0.0002211 0.030153
9 0 0 0 0 0 0 0 0 0 -0.00040571 0.00025269 0.03446
10 0 0 0 0 0 0 0 0 0 -0.00045643 0.00028427 0.038768
11 0 0 0 0 0 0 0 0 0 -0.00050714 0.00031586 0.043075
12 0 0 0 0 0 0 0 0 0 -0.00055786 0.00034744 0.047383
13 0 0 0 0 0 0 0 0 0 -0.00060857 0.00037903 0.05169
14 0 0 0 0 0 0 0 0 0 -0.00065929 0.00041061 0.055998
15 0.99997 -0.0001299 -0.0074356 0.0001158 1 -0.0019021 0.0074358 0.0019012 0.99997 -0.00071 0.0004422 0.060305
16 0.99992 -0.0002116 -0.012851 0.0001848 1 -0.0020837 0.012851 0.0020811 0.99992 -0.001838 0.0004091 0.067299
17 0.99976 -0.0005442 -0.021789 0.0004925 1 -0.0023783 0.02179 0.002367 0.99976 -0.0016967 0.0006885 0.075348
18 0.99947 -0.0011163 -0.032655 0.0010509 1 -0.0020224 0.032658 0.001987 0.99946 -0.002599 0.0005249 0.084016
19 0.99891 -0.0015931 -0.046725 0.0015021 1 -0.0019822 0.046728 0.0019099 0.99891 -0.0039587 0.0005903 0.092878
20 0.99791 -0.0019773 -0.064662 0.0018662 1 -0.0017785 0.064666 0.0016541 0.99791 -0.0051692 0.0006802 0.10279
21 0.99633 -0.0017408 -0.085592 0.0016333 1 -0.0013261 0.085594 0.0011814 0.99633 -0.0071279 0.0005998 0.11317
22 0.99394 -0.0014229 -0.10989 0.0013486 1 -0.0007503 0.10989 0.0005975 0.99394 -0.0094452 0.000521 0.12365
23 0.99057 -0.0013287 -0.13702 0.0012479 1 -0.0006751 0.13702 0.0004977 0.99057 -0.012593 0.000456 0.13526
24 0.986 -0.0018751 -0.16671 0.0017496 1 -0.0008995 0.16671 0.0005952 0.98601 -0.015651 0.0006818 0.14698
25 0.98013 -0.0023839 -0.19837 0.0022145 1 -0.0010757 0.19837 0.0006151 0.98013 -0.019972 0.000648 0.15958
26 0.97273 -0.0031896 -0.23193 0.0029109 0.99999 -0.0015442 0.23193 0.000827 0.97273 -0.025062 0.0010477 0.1723
27 0.9634 -0.0029415 -0.26804 0.0026783 1 -0.0013474 0.26804 0.0005802 0.96341 -0.031125 0.0009608 0.18596
28 0.95192 -0.0010385 -0.30634 0.0009092 1 -0.0005648 0.30634 0.0002591 0.95192 -0.03824 0.0011877 0.19968
29 0.93793 0.0014037 -0.34681 -0.0010062 1 0.001326 0.34681 -0.0008948 0.93793 -0.045966 0.0013543 0.21422
30 0.92168 0.0043315 -0.38793 -0.003047 0.99999 0.0039263 0.38794 -0.0024368 0.92168 -0.05478 0.0014174 0.22906
31 0.90304 0.0062903 -0.42952 -0.0039782 0.99997 0.0062807 0.42954 -0.003963 0.90304 -0.065329 0.0014141 0.24365
32 0.88114 0.0074792 -0.4728 -0.0040743 0.99996 0.008225 0.47284 -0.005321 0.88113 -0.076061 0.0015965 0.25903
33 0.85672 0.0082698 -0.51571 -0.0027044 0.99993 0.011542 0.51577 -0.0084936 0.85669 -0.088153 0.0019055 0.27457
34 0.82965 0.010189 -0.5582 -0.000714 0.99985 0.017189 0.55829 -0.013863 0.82953 -0.10137 0.002361 0.29028
35 0.7994 0.01579 -0.60059 -0.0033364 0.99976 0.021844 0.60079 -0.015458 0.79926 -0.11583 0.002917 0.30579
36 0.76687 0.020505 -0.64148 -0.0053255 0.99966 0.025589 0.64178 -0.016207 0.76672 -0.13221 0.0038108 0.32034
37 0.73096 0.027039 -0.68188 -0.0085141 0.9995 0.030506 0.68236 -0.016493 0.73083 -0.14899 0.0047467 0.33501
38 0.69334 0.031341 -0.71993 -0.0081578 0.99933 0.035647 0.72056 -0.018843 0.69314 -0.16795 0.0055853 0.34936
39 0.65275 0.03493 -0.75677 -0.0060532 0.99915 0.040896 0.75755 -0.022114 0.6524 -0.18766 0.006655 0.36305
40 0.60973 0.037142 -0.79174 -0.0032424 0.99901 0.044368 0.7926 -0.024486 0.60925 -0.20882 0.0077785 0.37553
41 0.56464 0.039123 -0.82441 -0.0010065 0.99891 0.046715 0.82534 -0.025547 0.56406 -0.23155 0.0090016 0.38704
42 0.51736 0.04004 -0.85483 0.0001854 0.9989 0.0469 0.85577 -0.024423 0.51678 -0.25553 0.010524 0.39846
43 0.46917 0.040685 -0.88217 0.0018266 0.99889 0.047039 0.8831 -0.023681 0.46858 -0.281 0.011447 0.40937
44 0.42199 0.04101 -0.90567 0.0016211 0.99894 0.045989 0.9066 -0.020875 0.42148 -0.3073 0.013178 0.41847
45 0.37491 0.040665 -0.92617 0.0039926 0.99896 0.045477 0.92705 -0.020747 0.37436 -0.33488 0.014649 0.4271
46 0.32834 0.040819 -0.94368 0.0065752 0.99894 0.045497 0.94454 -0.021143 0.32773 -0.3639 0.016652 0.43508
47 0.28163 0.040858 -0.95865 0.0096404 0.99892 0.045406 0.95947 -0.02203 0.28094 -0.39373 0.01871 0.44197
48 0.23638 0.042687 -0.97072 0.014246 0.99877 0.047389 0.97156 -0.025031 0.23548 -0.42483 0.020362 0.44723
49 0.19257 0.047461 -0.98013 0.014518 0.99858 0.051207 0.98118 -0.02409 0.19161 -0.4571 0.022167 0.45143
50 0.15191 0.051013 -0.98708 0.014485 0.99845 0.05383 0.98829 -0.022475 0.15094 -0.4914 0.024072 0.45514
51 0.11568 0.052234 -0.99191 0.014749 0.99842 0.054297 0.99318 -0.020911 0.11473 -0.52635 0.025894 0.45763
52 0.084399 0.051946 -0.99508 0.014349 0.99847 0.05334 0.99633 -0.018781 0.083525 -0.5615 0.028082 0.45847
53 0.05683 0.051603 -0.99705 0.013988 0.99852 0.052477 0.99829 -0.01693 0.056024 -0.59827 0.030393 0.45915
54 0.031932 0.050479 -0.99821 0.016258 0.99857 0.051017 0.99936 -0.017858 0.031066 -0.63586 0.033213 0.46018
55 0.010432 0.050581 -0.99867 0.02017 0.99851 0.050784 0.99974 -0.020673 0.009396 -0.67398 0.035617 0.46028
56 -0.008305 0.051634 -0.99863 0.021916 0.99844 0.051442 0.99973 -0.021459 -0.0094236 -0.71244 0.037217 0.45881
57 -0.02444 0.050757 -0.99841 0.021142 0.99851 0.050244 0.99948 -0.01988 -0.025477 -0.75263 0.039444 0.4568
58 -0.037738 0.050317 -0.99802 0.018804 0.99859 0.049634 0.99911 -0.016894 -0.03863 -0.79278 0.042098 0.45426
59 -0.048301 0.050488 -0.99756 0.01794 0.9986 0.049673 0.99867 -0.015497 -0.04914 -0.83371 0.044407 0.45118
60 -0.055405 0.051152 -0.99715 0.017442 0.99858 0.050257 0.99831 -0.014608 -0.056219 -0.87622 0.047205 0.44803
61 -0.059849 0.052886 -0.99681 0.018293 0.99849 0.051877 0.99804 -0.01513 -0.060726 -0.91864 0.049972 0.4452
62 -0.062493 0.056146 -0.99646 0.018948 0.9983 0.055062 0.99787 -0.01544 -0.063451 -0.96145 0.052155 0.44184
63 -0.064521 0.057047 -0.99628 0.017906 0.99827 0.056001 0.99776 -0.014226 -0.065431 -1.0055 0.055072 0.43848
64 -0.06702 0.056413 -0.99616 0.017658 0.99831 0.055347 0.9976 -0.013881 -0.067903 -1.0494 0.057562 0.43599
65 -0.069069 0.05548 -0.99607 0.017865 0.99836 0.054369 0.99745 -0.01404 -0.069947 -1.0942 0.060483 0.43249
66 -0.071147 0.054191 -0.99599 0.018488 0.99842 0.053003 0.99729 -0.014643 -0.072037 -1.139 0.062966 0.42872
67 -0.071768 0.053081 -0.99601 0.017678 0.99849 0.05194 0.99726 -0.01388 -0.072598 -1.1853 0.066284 0.42456
68 -0.071287 0.054998 -0.99594 0.015923 0.99841 0.053995 0.99733 -0.012009 -0.07205 -1.2322 0.068689 0.41995
69 -0.071035 0.057456 -0.99582 0.01518 0.99829 0.056516 0.99736 -0.011102 -0.071786 -1.2796 0.071242 0.41609
70 -0.070963 0.058322 -0.99577 0.013698 0.99825 0.057491 0.99738 -0.0095599 -0.071638 -1.3284 0.073905 0.41264
71 -0.070436 0.055918 -0.99595 0.012985 0.99839 0.055137 0.99743 -0.0090491 -0.07105 -1.3769 0.076903 0.40868
72 -0.070549 0.051997 -0.99615 0.013402 0.9986 0.051176 0.99742 -0.0097399 -0.071147 -1.4269 0.080116 0.40488
73 -0.070093 0.048871 -0.99634 0.015267 0.99873 0.047914 0.99742 -0.011853 -0.07075 -1.4768 0.08318 0.401
74 -0.069704 0.049192 -0.99635 0.015078 0.99872 0.048254 0.99745 -0.01166 -0.070357 -1.5283 0.085684 0.39737
75 -0.07012 0.052834 -0.99614 0.015565 0.99853 0.051866 0.99742 -0.011868 -0.070839 -1.58 0.08914 0.39462
76 -0.070051 0.057284 -0.9959 0.016828 0.99828 0.056237 0.9974 -0.01282 -0.070894 -1.6332 0.091373 0.39028
77 -0.070733 0.058324 -0.99579 0.018853 0.99819 0.057125 0.99732 -0.014733 -0.071705 -1.6873 0.095514 0.38655
78 -0.071096 0.058351 -0.99576 0.023689 0.9981 0.056797 0.99719 -0.01955 -0.072344 -1.7405 0.098849 0.38278
79 -0.071663 0.056473 -0.99583 0.026638 0.99815 0.054688 0.99707 -0.022608 -0.073035 -1.7942 0.10202 0.37877
80 -0.072648 0.052928 -0.99595 0.027492 0.99832 0.051049 0.99698 -0.023672 -0.073981 -1.8488 0.1056 0.37477
81 -0.074009 0.04892 -0.99606 0.027948 0.99851 0.046964 0.99687 -0.024362 -0.075266 -1.9029 0.1086 0.37072
82 -0.074909 0.045639 -0.99615 0.029702 0.99861 0.043518 0.99675 -0.026328 -0.076161 -1.9573 0.11199 0.36657
83 -0.075278 0.044801 -0.99616 0.032438 0.99857 0.042458 0.99663 -0.029117 -0.076623 -2.0133 0.11471 0.36241
84 -0.075964 0.046079 -0.99605 0.03238 0.99852 0.043724 0.99658 -0.028931 -0.077343 -2.0687 0.11715 0.35798
85 -0.076442 0.047654 -0.99593 0.032344 0.99845 0.045291 0.99655 -0.02875 -0.077865 -2.1252 0.12018 0.35349
86 -0.077289 0.04987 -0.99576 0.033619 0.99831 0.047388 0.99644 -0.029814 -0.078835 -2.1818 0.12222 0.34919
87 -0.077291 0.050568 -0.99573 0.033863 0.99827 0.048069 0.99643 -0.030003 -0.078869 -2.2401 0.12595 0.3444
88 -0.076992 0.050854 -0.99573 0.036337 0.99818 0.048169 0.99637 -0.032473 -0.0787 -2.2979 0.12933 0.33997
89 -0.077501 0.049697 -0.99575 0.035246 0.99827 0.047079 0.99637 -0.031448 -0.079119 -2.3561 0.13245 0.33493
90 -0.078124 0.049176 -0.99573 0.036661 0.99825 0.046424 0.99627 -0.032878 -0.079791 -2.4139 0.13559 0.33074
91 -0.078041 0.048679 -0.99576 0.036146 0.99829 0.04597 0.99629 -0.032405 -0.079668 -2.4722 0.13853 0.32576
92 -0.078736 0.048559 -0.99571 0.037351 0.99826 0.045729 0.9962 -0.03359 -0.080412 -2.5301 0.14144 0.32107
93 -0.079233 0.048133 -0.99569 0.039825 0.99819 0.045084 0.99606 -0.036081 -0.081006 -2.5875 0.14427 0.31637
94 -0.080399 0.044688 -0.99576 0.04341 0.9982 0.041293 0.99582 -0.039906 -0.082194 -2.6457 0.14726 0.31217
95 -0.081246 0.043498 -0.99574 0.045986 0.99815 0.03985 0.99563 -0.042553 -0.083096 -2.7045 0.15003 0.30742
96 -0.082552 0.04493 -0.99557 0.046995 0.99805 0.041145 0.99548 -0.04339 -0.084502 -2.7639 0.15266 0.30258
97 -0.082745 0.049496 -0.99534 0.047 0.99785 0.045713 0.99546 -0.042998 -0.084893 -2.8232 0.15621 0.29544
98 -0.084131 0.052774 -0.99506 0.047745 0.99766 0.048876 0.99531 -0.043397 -0.086454 -2.8812 0.15852 0.29041
99 -0.085163 0.052732 -0.99497 0.046891 0.9977 0.048863 0.99526 -0.042493 -0.08744 -2.9413 0.16191 0.2848
100 -0.087032 0.051395 -0.99488 0.045725 0.99782 0.047547 0.99516 -0.041353 -0.089193 -3.0025 0.16536 0.2801
101 -0.088369 0.050314 -0.99482 0.043527 0.99796 0.046607 0.99514 -0.039182 -0.090379 -3.0616 0.16816 0.27355
102 -0.08961 0.050601 -0.99469 0.041955 0.99801 0.04699 0.99509 -0.037521 -0.091555 -3.1201 0.17123 0.26728
103 -0.090626 0.052448 -0.9945 0.042753 0.9979 0.048731 0.99497 -0.038102 -0.092678 -3.1803 0.17433 0.26121
104 -0.092085 0.053598 -0.99431 0.040168 0.99794 0.050073 0.99494 -0.035329 -0.094048 -3.2404 0.17755 0.25487
105 -0.094048 0.053656 -0.99412 0.038191 0.99801 0.050253 0.99483 -0.03324 -0.09591 -3.3021 0.18073 0.25002
106 -0.095674 0.052882 -0.99401 0.03761 0.99807 0.049478 0.9947 -0.032651 -0.097478 -3.3621 0.18356 0.24379
107 -0.096917 0.052573 -0.9939 0.039276 0.99803 0.048961 0.99452 -0.034292 -0.098791 -3.4223 0.18662 0.2381
108 -0.097945 0.052606 -0.9938 0.040098 0.998 0.048877 0.99438 -0.035063 -0.099859 -3.4825 0.18976 0.23126
109 -0.099365 0.052966 -0.99364 0.040086 0.99798 0.049189 0.99424 -0.034943 -0.10129 -3.5436 0.19334 0.22538
110 -0.10063 0.053016 -0.99351 0.03936 0.99801 0.04927 0.99415 -0.034147 -0.10251 -3.6042 0.19661 0.21908
111 -0.10079 0.053307 -0.99348 0.038502 0.99802 0.049645 0.99416 -0.033247 -0.10265 -3.6634 0.19951 0.21136
112 -0.10123 0.053753 -0.99341 0.03595 0.99808 0.050342 0.99421 -0.030617 -0.10297 -3.7233 0.2026 0.20443
113 -0.10132 0.055019 -0.99333 0.031781 0.99814 0.052044 0.99435 -0.026295 -0.10288 -3.7826 0.20583 0.19697
114 -0.10091 0.056744 -0.99328 0.027687 0.99815 0.05421 0.99451 -0.022031 -0.10229 -3.8431 0.20911 0.18994
115 -0.099629 0.057993 -0.99333 0.024202 0.99815 0.055847 0.99473 -0.018477 -0.10085 -3.9036 0.21301 0.18359
116 -0.097536 0.059255 -0.99347 0.024207 0.99807 0.057153 0.99494 -0.018475 -0.098783 -3.9643 0.21665 0.17713
117 -0.095993 0.059997 -0.99357 0.024858 0.99801 0.057864 0.99507 -0.019144 -0.097294 -4.0259 0.2201 0.17136
118 -0.094058 0.058976 -0.99382 0.025708 0.99805 0.056794 0.99523 -0.020207 -0.095391 -4.0862 0.2239 0.1652
119 -0.092857 0.056432 -0.99408 0.025985 0.99819 0.054238 0.99534 -0.020795 -0.094156 -4.1462 0.22678 0.15848
120 -0.092014 0.053914 -0.9943 0.026806 0.99831 0.05165 0.9954 -0.0219 -0.093303 -4.2075 0.23053 0.15283
121 -0.091114 0.052223 -0.99447 0.026338 0.9984 0.050016 0.99549 -0.021635 -0.092344 -4.2666 0.234 0.147
122 -0.09002 0.051963 -0.99458 0.023404 0.99847 0.050047 0.99566 -0.018772 -0.091099 -4.3274 0.23743 0.14046
123 -0.089534 0.05152 -0.99465 0.02189 0.99852 0.04975 0.99574 -0.017318 -0.09053 -4.3873 0.24049 0.1351
124 -0.089092 0.05056 -0.99474 0.02063 0.99859 0.048908 0.99581 -0.016165 -0.09001 -4.4487 0.24373 0.12946
125 -0.088395 0.049228 -0.99487 0.019262 0.99868 0.047705 0.9959 -0.014947 -0.089226 -4.508 0.24716 0.12389
126 -0.087808 0.049289 -0.99492 0.019696 0.99867 0.047736 0.99594 -0.015404 -0.088661 -4.5695 0.25013 0.11814
127 -0.086718 0.048667 -0.99504 0.021878 0.99866 0.046937 0.99599 -0.017699 -0.087667 -4.6298 0.25322 0.11252
128 -0.086074 0.047785 -0.99514 0.023407 0.99867 0.045929 0.99601 -0.01934 -0.087078 -4.6922 0.25642 0.1067
129 -0.084892 0.046544 -0.9953 0.025057 0.99869 0.044565 0.99608 -0.021157 -0.085947 -4.7523 0.25969 0.10066
130 -0.085462 0.046104 -0.99527 0.027221 0.99866 0.043924 0.99597 -0.023339 -0.086603 -4.8159 0.26273 0.096391
131 -0.084588 0.045375 -0.99538 0.029027 0.99865 0.043057 0.99599 -0.025251 -0.085791 -4.8781 0.26521 0.091159
132 -0.083235 0.045828 -0.99548 0.028971 0.99863 0.04355 0.99611 -0.025215 -0.084449 -4.9408 0.26882 0.08573
133 -0.081536 0.04815 -0.99551 0.028472 0.99854 0.045964 0.99626 -0.024597 -0.082787 -5.0047 0.27146 0.079478
134 -0.08024 0.04959 -0.99554 0.026715 0.99851 0.047584 0.99642 -0.022778 -0.081445 -5.068 0.27455 0.073987
135 -0.078372 0.049282 -0.99571 0.026605 0.99853 0.047327 0.99657 -0.022782 -0.079568 -5.1326 0.2784 0.066323
136 -0.077668 0.048919 -0.99578 0.027683 0.99852 0.046895 0.9966 -0.023924 -0.078907 -5.1973 0.28208 0.061097
137 -0.077055 0.048881 -0.99583 0.028847 0.99849 0.046779 0.99661 -0.025122 -0.078349 -5.2609 0.28578 0.056373
138 -0.076858 0.049339 -0.99582 0.028621 0.99847 0.047261 0.99663 -0.024869 -0.078152 -5.3254 0.28856 0.050951
139 -0.076774 0.048455 -0.99587 0.02819 0.99852 0.046411 0.99665 -0.024511 -0.078027 -5.3885 0.29112 0.046152
140 -0.077204 0.048354 -0.99584 0.028736 0.99852 0.046256 0.9966 -0.025045 -0.078479 -5.4526 0.29461 0.040919
141 -0.077304 0.04825 -0.99584 0.027204 0.99856 0.04627 0.99664 -0.023514 -0.078506 -5.5155 0.29741 0.035632
142 -0.077788 0.050032 -0.99571 0.026535 0.99849 0.048099 0.99662 -0.02268 -0.078999 -5.58 0.30094 0.030086
143 -0.078285 0.050456 -0.99565 0.025888 0.99848 0.048564 0.99659 -0.021973 -0.079473 -5.6435 0.30489 0.024761
144 -0.078612 0.051023 -0.9956 0.023141 0.99851 0.049345 0.99664 -0.019161 -0.079676 -5.7068 0.3082 0.019102
145 -0.079456 0.050525 -0.99556 0.024145 0.99852 0.048748 0.99655 -0.020165 -0.080558 -5.7704 0.31149 0.014143
146 -0.079644 0.050727 -0.99553 0.022682 0.99854 0.049066 0.99657 -0.018673 -0.080679 -5.8337 0.31463 0.0081463
147 -0.079779 0.050643 -0.99553 0.021897 0.99856 0.049043 0.99657 -0.017886 -0.080772 -5.8981 0.31832 0.0027158
148 -0.080175 0.052241 -0.99541 0.020706 0.9985 0.050735 0.99657 -0.016544 -0.081137 -5.961 0.32116 -0.0024184
149 -0.07927 0.052562 -0.99547 0.018475 0.99851 0.051251 0.99668 -0.014329 -0.080123 -6.0239 0.32434 -0.0087528
150 -0.077506 0.05319 -0.99557 0.016479 0.99851 0.052064 0.99686 -0.012371 -0.078267 -6.0866 0.32779 -0.014613
151 -0.076822 0.052805 -0.99565 0.015338 0.99854 0.051775 0.99693 -0.011294 -0.07752 -6.1496 0.33164 -0.019346
152 -0.075524 0.052053 -0.99578 0.014202 0.99859 0.051123 0.99704 -0.010281 -0.076157 -6.2124 0.33511 -0.024692
153 -0.074777 0.050609 -0.99592 0.013682 0.99867 0.049722 0.99711 -0.0099076 -0.07537 -6.2745 0.33799 -0.030269
154 -0.073996 0.048345 -0.99609 0.012272 0.99879 0.047565 0.99718 -0.0087048 -0.0745 -6.337 0.34085 -0.035478
155 -0.073868 0.046619 -0.99618 0.011753 0.99888 0.045874 0.9972 -0.0083192 -0.074333 -6.3958 0.34402 -0.040241
156 -0.074424 0.047351 -0.9961 0.013361 0.99883 0.046482 0.99714 -0.009849 -0.074969 -6.4597 0.34791 -0.044656
157 -0.075687 0.051174 -0.99582 0.014193 0.99864 0.050241 0.99703 -0.010332 -0.07631 -6.5165 0.35075 -0.049983
158 -0.076994 0.053209 -0.99561 0.014006 0.99853 0.052282 0.99693 -0.0099191 -0.077627 -6.5774 0.35425 -0.055247
159 -0.078801 0.053642 -0.99545 0.013858 0.99851 0.052711 0.99679 -0.0096416 -0.079427 -6.6388 0.35731 -0.059229
160 -0.080679 0.052121 -0.99538 0.016549 0.99856 0.050946 0.9966 -0.012362 -0.081426 -6.6997 0.36039 -0.064819
161 -0.082426 0.050005 -0.99534 0.01645 0.99867 0.04881 0.99646 -0.012351 -0.08314 -6.7595 0.36362 -0.07013
162 -0.084072 0.047936 -0.99531 0.017992 0.99875 0.046582 0.9963 -0.013991 -0.08483 -6.8188 0.36685 -0.076318
163 -0.086377 0.048446 -0.99508 0.022329 0.99866 0.046682 0.99601 -0.018187 -0.087343 -6.8776 0.36942 -0.081303
164 -0.088472 0.051488 -0.99475 0.026194 0.99844 0.049349 0.99573 -0.021691 -0.089683 -6.9378 0.37195 -0.087303
165 -0.091479 0.056171 -0.99422 0.025117 0.99822 0.054086 0.99549 -0.020024 -0.092727 -6.9988 0.37552 -0.093147
166 -0.094082 0.059387 -0.99379 0.026968 0.99801 0.057085 0.9952 -0.02143 -0.095496 -7.0595 0.37791 -0.099156
167 -0.096661 0.058847 -0.99358 0.024894 0.99808 0.056692 0.99501 -0.019254 -0.09794 -7.1204 0.38225 -0.10559
168 -0.098701 0.055183 -0.99359 0.018986 0.99838 0.053563 0.99494 -0.013578 -0.099589 -7.1809 0.38663 -0.11254
169 -0.10109 0.052869 -0.99347 0.015356 0.99855 0.051577 0.99476 -0.010042 -0.10176 -7.2407 0.38994 -0.11936
170 -0.10414 0.052533 -0.99317 0.014737 0.99858 0.051274 0.99445 -0.0092966 -0.10477 -7.3008 0.39361 -0.12485
171 -0.10634 0.054374 -0.99284 0.015224 0.99848 0.053052 0.99421 -0.0094738 -0.107 -7.3605 0.39701 -0.1319
172 -0.10912 0.055842 -0.99246 0.016826 0.99838 0.054325 0.99389 -0.010771 -0.10989 -7.4203 0.40008 -0.13833
173 -0.11177 0.054887 -0.99222 0.019424 0.9984 0.053041 0.99354 -0.013344 -0.11266 -7.4789 0.40315 -0.14513
174 -0.11363 0.05304 -0.99211 0.02112 0.99848 0.050961 0.9933 -0.015163 -0.11458 -7.536 0.40634 -0.15244
175 -0.11501 0.051717 -0.99202 0.021039 0.99855 0.049618 0.99314 -0.015165 -0.11593 -7.5938 0.40941 -0.16047
176 -0.11618 0.051357 -0.9919 0.020667 0.99857 0.049281 0.99301 -0.014774 -0.11708 -7.6534 0.41312 -0.16712
177 -0.11656 0.050312 -0.99191 0.01913 0.99864 0.048406 0.993 -0.013333 -0.11736 -7.7123 0.41599 -0.17518
178 -0.11728 0.0505 -0.99181 0.019589 0.99863 0.048531 0.99291 -0.013737 -0.11811 -7.7708 0.41917 -0.18126
179 -0.11723 0.050702 -0.99181 0.018496 0.99863 0.048864 0.99293 -0.012616 -0.11801 -7.8303 0.42207 -0.18902
180 -0.11704 0.050782 -0.99183 0.016915 0.99865 0.049135 0.99298 -0.011026 -0.11774 -7.8921 0.42561 -0.19624
181 -0.1156 0.048841 -0.99209 0.015297 0.99876 0.047386 0.99318 -0.0096983 -0.11621 -7.9503 0.4285 -0.20478
182 -0.11461 0.04579 -0.99235 0.014101 0.99891 0.044464 0.99331 -0.0088974 -0.11513 -8.0106 0.43171 -0.21256
183 -0.11378 0.044537 -0.99251 0.014884 0.99896 0.04312 0.99339 -0.0098669 -0.11432 -8.0712 0.4346 -0.21898
184 -0.11241 0.045631 -0.99261 0.014049 0.99892 0.04433 0.99356 -0.0089621 -0.11293 -8.1308 0.43792 -0.22589
185 -0.11162 0.048029 -0.99259 0.015052 0.9988 0.046637 0.99364 -0.0097354 -0.11221 -8.1917 0.44036 -0.23237
186 -0.11069 0.047639 -0.99271 0.015604 0.99881 0.046191 0.99373 -0.010377 -0.11131 -8.2525 0.44312 -0.2387
187 -0.10933 0.0454 -0.99297 0.015696 0.99891 0.043943 0.99388 -0.010781 -0.10993 -8.3134 0.44666 -0.24604
188 -0.1082 0.045459 -0.99309 0.016213 0.9989 0.043959 0.994 -0.011344 -0.10881 -8.3744 0.45008 -0.253
189 -0.10713 0.045337 -0.99321 0.017253 0.99889 0.043736 0.9941 -0.01245 -0.10779 -8.4361 0.45294 -0.25974
190 -0.10576 0.045129 -0.99337 0.017438 0.9989 0.043524 0.99424 -0.012719 -0.10643 -8.4983 0.4556 -0.26713
191 -0.10519 0.045223 -0.99342 0.018681 0.99888 0.043493 0.99428 -0.013983 -0.10592 -8.5597 0.45907 -0.27276
192 -0.10399 0.048274 -0.99341 0.018098 0.99875 0.046639 0.99441 -0.013129 -0.10474 -8.6215 0.46181 -0.27902
193 -0.1024 0.052059 -0.99338 0.019669 0.99854 0.050302 0.99455 -0.014387 -0.10328 -8.6816 0.46468 -0.2864
194 -0.10085 0.052034 -0.99354 0.019813 0.99854 0.050284 0.9947 -0.014614 -0.10173 -8.7415 0.46724 -0.2931
195 -0.099611 0.048755 -0.99383 0.020935 0.99868 0.046895 0.99481 -0.016135 -0.1005 -8.8023 0.47071 -0.3
196 -0.098454 0.044293 -0.99416 0.023808 0.99883 0.042144 0.99486 -0.01952 -0.099393 -8.8621 0.47373 -0.30584
197 -0.098036 0.043125 -0.99425 0.025243 0.99885 0.040836 0.99486 -0.021095 -0.099012 -8.9221 0.4759 -0.31084
198 -0.097322 0.042894 -0.99433 0.024954 0.99886 0.040648 0.99494 -0.020856 -0.098282 -8.9815 0.47815 -0.31714
199 -0.096918 0.044225 -0.99431 0.02765 0.99875 0.041727 0.99491 -0.023449 -0.098019 -9.0416 0.48169 -0.32296
200 -0.096237 0.045613 -0.99431 0.030679 0.99861 0.042841 0.99489 -0.026381 -0.097503 -9.1018 0.48437 -0.32947
201 -0.095402 0.048286 -0.99427 0.029829 0.99851 0.04563 0.99499 -0.025305 -0.0967 -9.1605 0.48667 -0.3353
202 -0.095048 0.050674 -0.99418 0.028526 0.99843 0.048163 0.99506 -0.023782 -0.096345 -9.22 0.4895 -0.341
203 -0.094641 0.05502 -0.99399 0.028176 0.99822 0.052572 0.99511 -0.023031 -0.096023 -9.2781 0.49261 -0.34734
204 -0.094276 0.057299 -0.9939 0.028025 0.9981 0.054883 0.99515 -0.02268 -0.095702 -9.3357 0.49539 -0.35265
205 -0.093769 0.058326 -0.99388 0.026502 0.99807 0.056071 0.99524 -0.021083 -0.095135 -9.3926 0.4983 -0.35889
206 -0.093901 0.057244 -0.99393 0.023197 0.9982 0.055298 0.99531 -0.017864 -0.09506 -9.4491 0.50172 -0.36449
207 -0.093466 0.057303 -0.99397 0.020986 0.99823 0.055576 0.9954 -0.015665 -0.094504 -9.5047 0.50431 -0.37062
208 -0.09359 0.057305 -0.99396 0.019291 0.99826 0.055737 0.99542 -0.013958 -0.094533 -9.5601 0.50752 -0.37589
209 -0.092139 0.058491 -0.99403 0.017673 0.99821 0.057099 0.99559 -0.012307 -0.093008 -9.6147 0.51015 -0.38279
210 -0.092127 0.05966 -0.99396 0.016307 0.99816 0.058401 0.99561 -0.010828 -0.09293 -9.6683 0.51368 -0.38806
211 -0.091326 0.060976 -0.99395 0.015565 0.99809 0.059799 0.9957 -0.01001 -0.092101 -9.7208 0.5163 -0.39336
212 -0.091291 0.060864 -0.99396 0.015419 0.9981 0.059701 0.9957 -0.0098758 -0.092056 -9.7725 0.51903 -0.39801
213 -0.090677 0.059924 -0.99408 0.015835 0.99815 0.058725 0.99575 -0.010417 -0.091458 -9.8227 0.52238 -0.40364
214 -0.090829 0.0595 -0.99409 0.015702 0.99818 0.05831 0.99574 -0.010313 -0.091598 -9.8729 0.52475 -0.40842
215 -0.091599 0.058057 -0.9941 0.01517 0.99826 0.056902 0.99568 -0.0098687 -0.092321 -9.9219 0.52782 -0.41341
216 -0.093368 0.057413 -0.99397 0.015202 0.9983 0.056235 0.99552 -0.0098602 -0.094082 -9.9707 0.53053 -0.41832
217 -0.094698 0.057371 -0.99385 0.015442 0.9983 0.056156 0.99539 -0.010029 -0.095423 -10.018 0.53308 -0.42278
218 -0.096095 0.05752 -0.99371 0.015451 0.99829 0.056291 0.99525 -0.0099448 -0.09682 -10.066 0.53604 -0.42733
219 -0.097069 0.05764 -0.99361 0.015178 0.99829 0.056429 0.99516 -0.0096039 -0.097778 -10.113 0.53813 -0.43204
220 -0.097268 0.057144 -0.99362 0.015087 0.99832 0.055938 0.99514 -0.0095495 -0.097966 -10.159 0.54081 -0.43752
221 -0.097951 0.056624 -0.99358 0.016793 0.99833 0.055239 0.99505 -0.011275 -0.098738 -10.207 0.54385 -0.4416
222 -0.098043 0.056879 -0.99356 0.018737 0.99829 0.055301 0.99501 -0.013194 -0.098941 -10.254 0.54697 -0.44582
223 -0.097592 0.05688 -0.9936 0.019549 0.99828 0.055228 0.99503 -0.014034 -0.098537 -10.301 0.5499 -0.45027
224 -0.096299 0.05884 -0.99361 0.019201 0.99818 0.057249 0.99517 -0.013565 -0.097254 -10.346 0.55189 -0.45582
225 -0.094496 0.059613 -0.99374 0.018005 0.99814 0.058165 0.99536 -0.012396 -0.095394 -10.39 0.55451 -0.46028
226 -0.092736 0.05956 -0.99391 0.01789 0.99815 0.058145 0.99553 -0.012389 -0.093629 -10.434 0.55704 -0.46362
227 -0.089725 0.059706 -0.99418 0.017568 0.99814 0.058359 0.99581 -0.01223 -0.090607 -10.476 0.55925 -0.46827
228 -0.086852 0.058151 -0.99452 0.017653 0.99823 0.056826 0.99606 -0.01262 -0.087725 -10.517 0.56151 -0.47096
229 -0.083014 0.056614 -0.99494 0.015278 0.99834 0.055532 0.99643 -0.01059 -0.083742 -10.556 0.56351 -0.47518
230 -0.077233 0.055611 -0.99546 0.013258 0.99841 0.054747 0.99692 -0.0089696 -0.077848 -10.598 0.56548 -0.4795
231 -0.070714 0.053652 -0.99605 0.011043 0.99853 0.053002 0.99744 -0.0072516 -0.071203 -10.638 0.56797 -0.48122
232 -0.061853 0.051147 -0.99677 0.0096981 0.99867 0.050643 0.99804 -0.0065344 -0.062267 -10.677 0.57016 -0.48392
233 -0.05187 0.048401 -0.99748 0.0080842 0.99881 0.048045 0.99862 -0.0055718 -0.0522 -10.716 0.57132 -0.48624
234 -0.041265 0.046028 -0.99809 0.0076292 0.99892 0.045751 0.99912 -0.0057267 -0.041572 -10.754 0.57213 -0.48796
235 -0.030653 0.043886 -0.99857 0.0063589 0.99902 0.043711 0.99951 -0.0050099 -0.030902 -10.792 0.57517 -0.48803
236 -0.019336 0.043812 -0.99885 0.0054632 0.99903 0.043714 0.9998 -0.0046117 -0.019557 -10.832 0.57791 -0.48829
237 -0.0061131 0.045306 -0.99895 0.0056597 0.99896 0.045272 0.99997 -0.0053771 -0.0063631 -10.87 0.57861 -0.49004
238 0.0080595 0.045918 -0.99891 0.0041836 0.99893 0.045953 0.99996 -0.0045494 0.0078588 -10.907 0.58065 -0.49076
239 0.022806 0.046385 -0.99866 0.0023999 0.99892 0.046452 0.99974 -0.0034561 0.02267 -10.944 0.58119 -0.48989
240 0.038055 0.046119 -0.99821 0.0001213 0.99893 0.046157 0.99928 -0.0018776 0.038009 -10.982 0.58342 -0.48751
241 0.05488 0.046414 -0.99741 -0.0026705 0.99892 0.046338 0.99849 0.0001206 0.054945 -11.021 0.58541 -0.48533
242 0.073142 0.047516 -0.99619 -0.0041572 0.99887 0.047339 0.99731 0.0006789 0.073257 -11.059 0.58758 -0.48274
243 0.093306 0.048153 -0.99447 -0.0055269 0.99884 0.047846 0.99562 0.001032 0.093464 -11.096 0.58955 -0.47917
244 0.11422 0.05065 -0.99216 -0.0077178 0.99871 0.050096 0.99343 0.0019351 0.11447 -11.133 0.59097 -0.47433
245 0.13655 0.052971 -0.98922 -0.011748 0.99859 0.051851 0.99056 0.0045415 0.13698 -11.17 0.59214 -0.47085
246 0.15954 0.05265 -0.98579 -0.015607 0.99859 0.050808 0.98707 0.0072796 0.16014 -11.206 0.59452 -0.46527
247 0.18229 0.051333 -0.9819 -0.019177 0.99863 0.048647 0.98306 0.009962 0.18303 -11.243 0.59605 -0.4587
248 0.20667 0.0497 -0.97715 -0.022005 0.99869 0.046142 0.97816 0.011966 0.20749 -11.278 0.59838 -0.4531
249 0.23085 0.048927 -0.97176 -0.024119 0.99872 0.044554 0.97269 0.013152 0.23173 -11.313 0.60021 -0.44531
250 0.25553 0.048631 -0.96558 -0.024979 0.99873 0.043691 0.96648 0.012955 0.25642 -11.347 0.60121 -0.43689
251 0.27981 0.049006 -0.9588 -0.027881 0.99869 0.042908 0.95965 0.014727 0.28081 -11.381 0.60202 -0.42553
252 0.30559 0.049786 -0.95086 -0.030652 0.99863 0.042436 0.95167 0.016177 0.3067 -11.415 0.60295 -0.41408
253 0.33318 0.049784 -0.94155 -0.032708 0.99861 0.041227 0.94229 0.01706 0.33435 -11.449 0.60553 -0.40264
254 0.3604 0.050794 -0.93141 -0.034005 0.99857 0.041299 0.93218 0.016788 0.36161 -11.48 0.60626 -0.38885
255 0.38755 0.0511 -0.92043 -0.034838 0.99856 0.040769 0.92119 0.016266 0.38877 -11.511 0.60795 -0.37319
256 0.41582 0.05269 -0.90792 -0.035656 0.9985 0.041617 0.90875 0.015067 0.41707 -11.543 0.60854 -0.35855
257 0.44364 0.054089 -0.89457 -0.036809 0.99843 0.042114 0.89545 0.014245 0.44494 -11.573 0.61018 -0.34155
258 0.47263 0.055518 -0.87951 -0.03796 0.99837 0.042622 0.88044 0.013241 0.47397 -11.604 0.61161 -0.32482
259 0.50113 0.055796 -0.86357 -0.039503 0.99835 0.041581 0.86447 0.013276 0.50251 -11.634 0.61317 -0.30615
260 0.5303 0.055803 -0.84597 -0.041254 0.99835 0.039994 0.84681 0.013691 0.53172 -11.662 0.61464 -0.28703
261 0.55984 0.056542 -0.82667 -0.043686 0.9983 0.038696 0.82745 0.01445 0.56136 -11.691 0.61559 -0.26653
262 0.58816 0.057783 -0.80668 -0.047056 0.9982 0.037193 0.80737 0.016083 0.58982 -11.718 0.61703 -0.2451
263 0.61628 0.058512 -0.78535 -0.049379 0.99814 0.035618 0.78598 0.01683 0.61802 -11.745 0.61866 -0.22242
264 0.64439 0.059075 -0.76242 -0.051509 0.9981 0.033801 0.76296 0.01749 0.6462 -11.772 0.61972 -0.19907
265 0.67084 0.05922 -0.73924 -0.053813 0.99807 0.031121 0.73965 0.018903 0.67273 -11.798 0.62116 -0.17412
266 0.6967 0.059179 -0.71491 -0.054909 0.99807 0.029107 0.71525 0.018976 0.69861 -11.823 0.6224 -0.14826
267 0.72219 0.059071 -0.68916 -0.055739 0.99808 0.02714 0.68944 0.018813 0.7241 -11.848 0.62346 -0.12137
268 0.74647 0.062073 -0.66252 -0.059283 0.99788 0.0267 0.66278 0.019346 0.74857 -11.871 0.62319 -0.093914
269 0.76956 0.062671 -0.63549 -0.060589 0.99785 0.025036 0.63569 0.019237 0.7717 -11.893 0.62445 -0.065173
270 0.79163 0.062644 -0.60778 -0.061044 0.99786 0.023341 0.60795 0.018624 0.79376 -11.914 0.62554 -0.035874
271 0.8127 0.062922 -0.57927 -0.061881 0.99785 0.021571 0.57939 0.018315 0.81485 -11.935 0.62651 -0.0051774
272 0.8322 0.063665 -0.55081 -0.063034 0.99781 0.020096 0.55089 0.017996 0.83439 -11.954 0.62744 0.026554
273 0.85042 0.065248 -0.52205 -0.065151 0.9977 0.018566 0.52206 0.018223 0.85271 -11.972 0.62807 0.059292
274 0.86769 0.063837 -0.49299 -0.064367 0.9978 0.015914 0.49292 0.017924 0.86989 -11.99 0.62893 0.092139
275 0.88304 0.063825 -0.46494 -0.064805 0.9978 0.013892 0.4648 0.017863 0.88523 -12.006 0.62927 0.12602
276 0.89673 0.063095 -0.43805 -0.064128 0.99786 0.012453 0.4379 0.016924 0.89886 -12.022 0.62968 0.16041
277 0.90921 0.062928 -0.41155 -0.064203 0.99788 0.01074 0.41135 0.016658 0.91132 -12.038 0.63028 0.19573
278 0.92045 0.06331 -0.3857 -0.065116 0.99784 0.0083942 0.3854 0.017389 0.92259 -12.052 0.6306 0.23131
279 0.93049 0.065351 -0.36044 -0.067267 0.99771 0.007241 0.36008 0.017508 0.93276 -12.064 0.63064 0.26707
280 0.94013 0.065613 -0.33445 -0.067511 0.9977 0.0059574 0.33408 0.016979 0.94239 -12.077 0.63102 0.30469
281 0.94934 0.064049 -0.30765 -0.066056 0.99781 0.0038971 0.30723 0.016622 0.95149 -12.089 0.63151 0.34299
282 0.95754 0.06262 -0.2814 -0.064311 0.99792 0.0032323 0.28102 0.015002 0.95959 -12.099 0.63149 0.38103
283 0.96488 0.0641 -0.25474 -0.065332 0.99786 0.0036297 0.25443 0.013141 0.967 -12.109 0.63177 0.42085
284 0.97138 0.065545 -0.2283 -0.066401 0.99779 0.0039357 0.22806 0.011337 0.97358 -12.118 0.63162 0.46172
285 0.97676 0.067606 -0.20338 -0.068315 0.99766 0.003543 0.20314 0.010433 0.97909 -12.126 0.63162 0.50264
286 0.98169 0.06755 -0.17813 -0.06812 0.99767 0.0029182 0.17791 0.0092693 0.984 -12.133 0.63193 0.54442
287 0.9859 0.067706 -0.15302 -0.068264 0.99767 0.0016074 0.15277 0.0088611 0.98822 -12.138 0.63187 0.58655
288 0.9894 0.068135 -0.12822 -0.068901 0.99762 -0.0015468 0.12781 0.010365 0.99174 -12.143 0.63213 0.62933
289 0.99201 0.071413 -0.10405 -0.07215 0.99739 -0.0033371 0.10354 0.010817 0.99457 -12.147 0.63191 0.67244
290 0.99422 0.071047 -0.080481 -0.071599 0.99743 -0.0039808 0.079991 0.0097202 0.99675 -12.15 0.63204 0.718
291 0.99574 0.070692 -0.059211 -0.071076 0.99746 -0.0044077 0.058749 0.0085974 0.99824 -12.152 0.63172 0.76367
292 0.99684 0.069136 -0.039006 -0.06936 0.99758 -0.0044147 0.038607 0.0071063 0.99923 -12.154 0.63202 0.81138
293 0.99731 0.070355 -0.020657 -0.070483 0.9975 -0.0055313 0.020216 0.0069724 0.99977 -12.155 0.63196 0.85844
294 0.9976 0.069103 -0.0043873 -0.069131 0.99758 -0.0067152 0.0039127 0.0070024 0.99997 -12.156 0.63204 0.90701
295 0.9978 0.065657 0.0087551 -0.065597 0.99782 -0.0070015 -0.0091957 0.0064118 0.99994 -12.155 0.63216 0.95475
296 0.99786 0.062618 0.018905 -0.062491 0.99802 -0.0072463 -0.019321 0.0060494 0.99979 -12.154 0.63182 1.0043
297 0.99789 0.05976 0.025258 -0.059616 0.9982 -0.0064286 -0.025597 0.0049093 0.99966 -12.152 0.63188 1.0536
298 0.99794 0.056757 0.029861 -0.056647 0.99838 -0.0045261 -0.030069 0.0028253 0.99954 -12.15 0.63189 1.1031
299 0.99792 0.055482 0.032712 -0.055446 0.99846 -0.0020162 -0.032773 0.0001983 0.99946 -12.149 0.63183 1.1532
300 0.99797 0.053308 0.034725 -0.053338 0.99858 -6.25e-05 -0.034679 -0.0017898 0.9994 -12.147 0.63177 1.2036
301 0.99803 0.051618 0.035779 -0.051692 0.99866 0.0011288 -0.035673 -0.002976 0.99936 -12.145 0.63162 1.2538
302 0.99807 0.050708 0.035962 -0.050752 0.99871 0.0003291 -0.035899 -0.0021536 0.99935 -12.144 0.63144 1.3035
303 0.99807 0.050634 0.035835 -0.05064 0.99872 -0.0007324 -0.035826 -0.0010837 0.99936 -12.143 0.63159 1.3542
304 0.99824 0.048489 0.034052 -0.048454 0.99882 -0.0018469 -0.034102 0.0001937 0.99942 -12.14 0.63178 1.4024
305 0.99832 0.047993 0.03254 -0.047932 0.99885 -0.0026409 -0.032629 0.0010768 0.99947 -12.138 0.63199 1.4523
306 0.99837 0.047908 0.031173 -0.047861 0.99885 -0.0022398 -0.031245 0.0007441 0.99951 -12.137 0.63149 1.5041
307 0.99836 0.049226 0.029086 -0.04919 0.99879 -0.0019656 -0.029147 0.0005316 0.99957 -12.136 0.63167 1.5545
308 0.99836 0.05045 0.02716 -0.050431 0.99873 -0.0013679 -0.027194 -4e-06 0.99963 -12.135 0.6314 1.603
309 0.99837 0.051186 0.025135 -0.051209 0.99869 0.0002436 -0.025089 -0.0015303 0.99968 -12.133 0.63108 1.6528
310 0.99835 0.052249 0.023612 -0.052308 0.99863 0.001895 -0.023481 -0.003127 0.99972 -12.132 0.63127 1.7027
311 0.99836 0.052866 0.021733 -0.05295 0.99859 0.0032988 -0.021528 -0.0044442 0.99976 -12.132 0.63131 1.7531
312 0.99849 0.051068 0.020028 -0.051147 0.99869 0.0034693 -0.019825 -0.0044885 0.99979 -12.131 0.63132 1.8025
313 0.99846 0.052325 0.01826 -0.052401 0.99862 0.0037085 -0.018041 -0.0046596 0.99983 -12.13 0.63078 1.8515
314 0.9985 0.051997 0.01722 -0.052064 0.99864 0.0034464 -0.017017 -0.0043378 0.99985 -12.13 0.63116 1.9012
315 0.99853 0.051513 0.017044 -0.051583 0.99866 0.0037184 -0.01683 -0.0045921 0.99985 -12.13 0.63096 1.9507
316 0.99862 0.049962 0.016104 -0.050033 0.99874 0.0040141 -0.015883 -0.0048143 0.99986 -12.128 0.63087 1.9982
317 0.99871 0.048337 0.01574 -0.048403 0.99882 0.0038658 -0.015535 -0.0046227 0.99987 -12.127 0.63137 2.047
318 0.99865 0.049273 0.016182 -0.049327 0.99878 0.0029186 -0.016019 -0.0037129 0.99986 -12.126 0.63103 2.0943
319 0.99854 0.051313 0.016937 -0.051366 0.99868 0.0026999 -0.016776 -0.0035659 0.99985 -12.125 0.63028 2.1422
320 0.99853 0.05071 0.019309 -0.050747 0.99871 0.0014465 -0.019211 -0.0024242 0.99981 -12.124 0.63101 2.1903
321 0.99841 0.051347 0.023464 -0.051371 0.99868 0.0004293 -0.023411 -0.001634 0.99972 -12.124 0.63146 2.2381
322 0.99817 0.052855 0.02951 -0.052906 0.9986 0.0009185 -0.02942 -0.002478 0.99956 -12.123 0.63142 2.2885
323 0.99775 0.055004 0.038297 -0.055098 0.99848 0.0013961 -0.038162 -0.003503 0.99927 -12.122 0.63151 2.3362
324 0.99709 0.057781 0.049689 -0.057917 0.99832 0.0013061 -0.04953 -0.0041802 0.99876 -12.119 0.63133 2.3822
325 0.99609 0.059698 0.065184 -0.059914 0.9982 0.0013606 -0.064986 -0.0052607 0.99787 -12.117 0.63116 2.4281
326 0.9945 0.062154 0.084287 -0.062523 0.99804 0.0017501 -0.084014 -0.0070104 0.99644 -12.113 0.63013 2.4726
327 0.99233 0.06386 0.10586 -0.064163 0.99794 -0.0005429 -0.10568 -0.0062535 0.99438 -12.108 0.63022 2.5168
328 0.98912 0.066845 0.13101 -0.066962 0.99775 -0.0035128 -0.13095 -0.0052984 0.99137 -12.102 0.62963 2.5605
329 0.98491 0.06849 0.15896 -0.06827 0.99764 -0.006847 -0.15905 -0.0041084 0.98726 -12.094 0.62884 2.6031
330 0.97953 0.068447 0.1893 -0.067458 0.99765 -0.011669 -0.18966 -0.0013397 0.98185 -12.085 0.62881 2.6464
331 0.97279 0.06829 0.22139 -0.06651 0.99767 -0.015495 -0.22193 0.0003491 0.97506 -12.075 0.62847 2.6893
332 0.96459 0.069556 0.25443 -0.067124 0.99758 -0.018239 -0.25508 0.0005148 0.96692 -12.064 0.62759 2.7295
333 0.95506 0.068331 0.28842 -0.065088 0.99766 -0.020828 -0.28916 0.00112 0.95728 -12.051 0.62665 2.7706
334 0.94433 0.066479 0.32221 -0.062734 0.99779 -0.022003 -0.32296 0.0005647 0.94641 -12.036 0.62507 2.8109
335 0.93228 0.062854 0.35624 -0.058633 0.99802 -0.022647 -0.35696 0.000226 0.93412 -12.019 0.62419 2.8501
336 0.91895 0.061161 0.3896 -0.057672 0.99812 -0.020659 -0.39013 -0.0034837 0.92075 -12.002 0.62339 2.8868
337 0.90427 0.057851 0.42302 -0.05559 0.9983 -0.017692 -0.42333 -0.0075176 0.90595 -11.983 0.62243 2.925
338 0.88865 0.052222 0.4556 -0.050148 0.9986 -0.016649 -0.45584 -0.0080522 0.89003 -11.962 0.62097 2.9614
339 0.87178 0.049749 0.48737 -0.047528 0.99873 -0.016931 -0.48759 -0.0084035 0.87303 -11.94 0.6199 2.9979
340 0.85277 0.051313 0.51976 -0.048645 0.99864 -0.018778 -0.52002 -0.009271 0.8541 -11.917 0.61892 3.0363
341 0.83277 0.053578 0.55103 -0.050027 0.99852 -0.021483 -0.55136 -0.0096764 0.83421 -11.892 0.6181 3.0714
342 0.81213 0.053172 0.58104 -0.048709 0.99854 -0.023297 -0.58143 -0.0093817 0.81354 -11.866 0.61736 3.107
343 0.79001 0.049884 0.61107 -0.045129 0.99871 -0.023185 -0.61143 -0.0092601 0.79124 -11.838 0.61684 3.1414
344 0.76629 0.04919 0.64061 -0.045183 0.99872 -0.02264 -0.64091 -0.011596 0.76753 -11.808 0.61565 3.1765
345 0.74185 0.048626 0.6688 -0.044988 0.99873 -0.022712 -0.66905 -0.013239 0.7431 -11.777 0.61428 3.2092
346 0.71576 0.048905 0.69663 -0.044588 0.99871 -0.024299 -0.69692 -0.013669 0.71702 -11.745 0.61335 3.2419
347 0.68905 0.048478 0.72309 -0.041657 0.99876 -0.027264 -0.72352 -0.011336 0.69021 -11.712 0.6127 3.2723
348 0.66089 0.04896 0.74889 -0.039467 0.99876 -0.030466 -0.74945 -0.0094218 0.662 -11.677 0.61113 3.3028
349 0.6326 0.048496 0.77295 -0.03606 0.9988 -0.033154 -0.77363 -0.0068989 0.63359 -11.641 0.6102 3.3311
350 0.60371 0.048508 0.79573 -0.034086 0.9988 -0.035027 -0.79648 -0.0059773 0.60464 -11.604 0.60874 3.3585
351 0.57473 0.047134 0.81699 -0.030702 0.99888 -0.03603 -0.81777 -0.0043761 0.57553 -11.566 0.60759 3.3846
352 0.5459 0.044625 0.83666 -0.027211 0.999 -0.03553 -0.83741 -0.0033704 0.54657 -11.526 0.60587 3.4087
353 0.51709 0.043538 0.85482 -0.023901 0.99905 -0.036426 -0.85559 -0.0015958 0.51764 -11.485 0.60457 3.4317
354 0.48851 0.042912 0.87151 -0.021311 0.99908 -0.037249 -0.8723 -0.0003765 0.48897 -11.443 0.60328 3.4542
355 0.46073 0.04233 0.88653 -0.019487 0.9991 -0.037578 -0.88732 3.74e-05 0.46115 -11.4 0.60122 3.4752
356 0.43381 0.042787 0.89999 -0.016897 0.99908 -0.039354 -0.90085 0.0018646 0.43413 -11.357 0.59986 3.496
357 0.40836 0.04313 0.9118 -0.015261 0.99907 -0.040423 -0.9127 0.0025922 0.40863 -11.312 0.59739 3.5157
358 0.38368 0.04323 0.92245 -0.012846 0.99906 -0.041477 -0.92338 0.0040642 0.38387 -11.267 0.59564 3.5335
359 0.36028 0.044379 0.93179 -0.011202 0.999 -0.043249 -0.93278 0.0051435 0.36041 -11.221 0.59345 3.5512
360 0.33852 0.046734 0.9398 -0.010646 0.99889 -0.045838 -0.9409 0.0055121 0.33864 -11.173 0.5912 3.5664
361 0.31712 0.049978 0.94707 -0.010494 0.99873 -0.049191 -0.94833 0.0056606 0.31724 -11.126 0.58911 3.5826
362 0.29716 0.053108 0.95335 -0.011683 0.99858 -0.051986 -0.95476 0.0043096 0.29736 -11.076 0.58684 3.597
363 0.27817 0.054136 0.95901 -0.010004 0.99852 -0.053464 -0.96048 0.0052779 0.2783 -11.026 0.58462 3.6115
364 0.26242 0.052045 0.96355 -0.007976 0.99863 -0.051767 -0.96492 0.0058998 0.26248 -10.976 0.58162 3.6237
365 0.24941 0.050671 0.96707 -0.0064476 0.99869 -0.050665 -0.96838 0.0064012 0.24941 -10.924 0.57935 3.637
366 0.23847 0.049222 0.9699 -0.0050746 0.99876 -0.049439 -0.97114 0.0068676 0.23842 -10.871 0.5768 3.6508
367 0.22986 0.049056 0.97199 -0.0065923 0.99878 -0.048849 -0.9732 0.0048209 0.22991 -10.818 0.57404 3.6633
368 0.22116 0.049293 0.97399 -0.0094585 0.99878 -0.0484 -0.97519 0.0014914 0.22135 -10.764 0.57166 3.6764
369 0.21242 0.048744 0.97596 -0.011576 0.99881 -0.047366 -0.97711 -0.0012362 0.21273 -10.709 0.56955 3.6891
370 0.20324 0.047747 0.97796 -0.01514 0.99884 -0.04562 -0.97901 -0.0055344 0.20373 -10.654 0.56762 3.7007
371 0.19325 0.047012 0.98002 -0.018341 0.99885 -0.044299 -0.98098 -0.0094137 0.19389 -10.597 0.5657 3.7128
372 0.18167 0.046332 0.98227 -0.023862 0.9988 -0.042699 -0.98307 -0.015682 0.18255 -10.538 0.56284 3.7252
373 0.16795 0.046088 0.98472 -0.026988 0.99875 -0.042141 -0.98543 -0.019498 0.16899 -10.48 0.56104 3.7365
374 0.15468 0.046277 0.98688 -0.028657 0.99869 -0.042339 -0.98755 -0.021732 0.15581 -10.421 0.55861 3.745
375 0.14103 0.047266 0.98888 -0.027651 0.99866 -0.04379 -0.98962 -0.021167 0.14215 -10.362 0.55591 3.7539
376 0.12784 0.050146 0.99053 -0.025735 0.99855 -0.047231 -0.99146 -0.019453 0.12894 -10.302 0.55346 3.7614
377 0.11542 0.053398 0.99188 -0.023495 0.99842 -0.051016 -0.99304 -0.017416 0.11649 -10.242 0.55082 3.7682
