1 0 0 0 0 0 0 0 0 0 0 0 0
2 0.99999 0.0008535 -0.0040837 -0.0008517 1 0.0004384 0.004084 -0.000435 0.99999 -0.0005786 0.0002759 0.037919
3 0.99995 0.0029695 -0.0092592 -0.0029814 0.99999 -0.0012751 0.0092554 0.0013027 0.99996 0.0002799 0.0004006 0.072812
4 0.99989 0.0050932 -0.013746 -0.0051648 0.99997 -0.0051774 0.01372 0.0052478 0.99989 -0.000628 0.0008018 0.10996
5 0.9998 0.0073547 -0.018739 -0.0074762 0.99995 -0.0064236 0.018691 0.0065624 0.9998 -0.0020816 0.0009026 0.14578
6 0.99972 0.0070109 -0.022694 -0.0071427 0.99996 -0.0057304 0.022653 0.0058909 0.99973 -0.0037032 0.0008011 0.18211
7 0.99959 0.0068361 -0.027913 -0.0069977 0.99996 -0.0056935 0.027873 0.0058865 0.99959 -0.0052081 0.0007669 0.21729
8 0.99944 0.0065805 -0.032666 -0.0068428 0.99995 -0.0079242 0.032612 0.0081434 0.99943 -0.0070804 0.0008861 0.25306
9 0.99924 0.0059312 -0.038646 -0.006271 0.99994 -0.008678 0.038592 0.0089138 0.99922 -0.0087128 0.0006151 0.28851
10 0.99903 0.0067847 -0.043541 -0.0071436 0.99994 -0.0080943 0.043483 0.0083974 0.99902 -0.010772 0.0008 0.32482
11 0.99884 0.0075275 -0.047639 -0.0078513 0.99995 -0.0066137 0.047587 0.00698 0.99884 -0.012478 0.000786 0.36178
12 0.99865 0.0081945 -0.051217 -0.0084548 0.99995 -0.0048687 0.051174 0.0052952 0.99868 -0.014135 0.0007209 0.39832
13 0.99851 0.0084699 -0.053946 -0.0087446 0.99995 -0.0048581 0.053902 0.0053226 0.99853 -0.016699 0.0008373 0.43464
14 0.99834 0.0086044 -0.056868 -0.0089261 0.99995 -0.0054055 0.056818 0.0059041 0.99837 -0.019062 0.0010123 0.47205
15 0.99818 0.0089442 -0.059589 -0.0092104 0.99995 -0.0041955 0.059548 0.0047367 0.99821 -0.021369 0.0013045 0.50938
16 0.99797 0.010266 -0.062784 -0.010422 0.99994 -0.0021613 0.062758 0.0028113 0.99802 -0.023858 0.0012203 0.54717
17 0.99778 0.012018 -0.065574 -0.012087 0.99993 -0.0006701 0.065561 0.0014613 0.99785 -0.026638 0.0013425 0.58426
18 0.99758 0.012741 -0.068319 -0.012841 0.99992 -0.0010279 0.068301 0.0019027 0.99766 -0.029813 0.0015035 0.62249
19 0.99739 0.01199 -0.071135 -0.012229 0.99992 -0.0029265 0.071094 0.0037887 0.99746 -0.032939 0.0018609 0.6597
20 0.99717 0.011238 -0.074329 -0.011534 0.99993 -0.0035571 0.074284 0.0044043 0.99723 -0.036291 0.0019565 0.69675
21 0.99689 0.0093946 -0.078198 -0.0097353 0.99994 -0.0039767 0.078156 0.0047256 0.99693 -0.03962 0.0018141 0.73513
22 0.99652 0.0069833 -0.083088 -0.0073534 0.99996 -0.0041487 0.083056 0.0047452 0.99653 -0.042356 0.0016533 0.77239
23 0.9961 0.0067125 -0.087972 -0.007151 0.99996 -0.004671 0.087938 0.0052819 0.99611 -0.04597 0.0017166 0.81095
24 0.99571 0.005913 -0.092316 -0.0063768 0.99997 -0.0047295 0.092285 0.0052979 0.99572 -0.049646 0.0017189 0.84847
25 0.99526 0.0074676 -0.096919 -0.0078763 0.99996 -0.0038351 0.096887 0.0045803 0.99528 -0.053517 0.0014429 0.88712
26 0.99489 0.0095864 -0.10048 -0.0098695 0.99995 -0.0023207 0.10045 0.0033005 0.99494 -0.057988 0.0016271 0.92484
27 0.99441 0.01192 -0.10493 -0.012075 0.99993 -0.0008421 0.10491 0.0021044 0.99448 -0.062618 0.0014581 0.96305
28 0.99389 0.013274 -0.10954 -0.013371 0.99991 -0.0001491 0.10952 0.0016128 0.99398 -0.066334 0.001725 1.0009
29 0.9934 0.013922 -0.11386 -0.013963 0.9999 0.0004326 0.11385 0.0011601 0.9935 -0.070886 0.0016156 1.0384
30 0.99279 0.016105 -0.11879 -0.016118 0.99987 0.0008466 0.11879 0.0010743 0.99292 -0.075489 0.0019195 1.0757
31 0.99224 0.0199 -0.12271 -0.019912 0.9998 0.0011281 0.12271 0.0013242 0.99244 -0.081071 0.0018939 1.1132
32 0.9916 0.0237 -0.12715 -0.023934 0.99971 -0.0003119 0.12711 0.0033526 0.99188 -0.085447 0.0023413 1.1506
33 0.99112 0.027661 -0.13003 -0.02819 0.9996 -0.0022256 0.12992 0.0058714 0.99151 -0.09143 0.001988 1.188
34 0.99059 0.029622 -0.13361 -0.030416 0.99953 -0.0039061 0.13343 0.0079331 0.99103 -0.096888 0.0021318 1.2253
35 0.99014 0.027536 -0.13738 -0.028446 0.99958 -0.0046672 0.13719 0.0085291 0.99051 -0.10147 0.0022213 1.2629
36 0.98978 0.023808 -0.14064 -0.024673 0.99969 -0.0044098 0.14049 0.0078346 0.99005 -0.10698 0.0020654 1.3002
37 0.98942 0.020308 -0.14362 -0.020976 0.99977 -0.0031391 0.14352 0.0061185 0.98963 -0.11242 0.0020641 1.3372
38 0.98912 0.0179 -0.146 -0.018334 0.99983 -0.0016266 0.14594 0.0042856 0.98928 -0.11816 0.0018308 1.3748
39 0.98879 0.015455 -0.1485 -0.015911 0.99987 -0.0018835 0.14845 0.0042251 0.98891 -0.12375 0.0019857 1.4107
40 0.98844 0.013671 -0.15097 -0.014267 0.99989 -0.0028655 0.15091 0.0049863 0.98853 -0.12941 0.0020531 1.4482
41 0.98819 0.013651 -0.15259 -0.01436 0.99989 -0.0035445 0.15253 0.005694 0.98828 -0.13565 0.0020318 1.485
42 0.98801 0.013422 -0.15383 -0.014193 0.99989 -0.0039127 0.15376 0.006049 0.98809 -0.14186 0.0020263 1.5224
43 0.98779 0.012934 -0.15528 -0.013777 0.9999 -0.0043556 0.15521 0.0064418 0.98786 -0.14775 0.0020066 1.5583
44 0.98754 0.011936 -0.15694 -0.012888 0.9999 -0.0050515 0.15687 0.0070113 0.9876 -0.15379 0.0017366 1.5953
45 0.98736 0.011633 -0.15809 -0.012798 0.9999 -0.0063558 0.158 0.0082988 0.9874 -0.15985 0.0016239 1.6324
46 0.9873 0.01224 -0.15839 -0.013711 0.99987 -0.0082005 0.15827 0.010268 0.98734 -0.16636 0.0014971 1.669
47 0.9873 0.014028 -0.15828 -0.015601 0.99984 -0.0086995 0.15813 0.011058 0.98736 -0.17245 0.0016206 1.7067
48 0.98724 0.015487 -0.15846 -0.016925 0.99983 -0.0077331 0.15831 0.010316 0.98734 -0.17853 0.0013823 1.7441
49 0.98736 0.01487 -0.15782 -0.016037 0.99985 -0.0061255 0.1577 0.0085789 0.98745 -0.18487 0.001214 1.7819
50 0.98741 0.013233 -0.15766 -0.014551 0.99987 -0.0072109 0.15754 0.0094141 0.98747 -0.19116 0.0011223 1.8196
51 0.98742 0.0083421 -0.15788 -0.0098909 0.99991 -0.009027 0.15779 0.010475 0.98742 -0.19702 0.0009769 1.8577
52 0.98767 0.0056723 -0.15646 -0.0073337 0.99992 -0.010043 0.15639 0.011067 0.98763 -0.20397 0.0010925 1.895
53 0.98757 0.0029065 -0.15715 -0.0043727 0.99995 -0.0089853 0.15711 0.0095608 0.98753 -0.20949 0.0009215 1.9334
54 0.98758 -0.0004467 -0.15709 -0.0006846 0.99997 -0.007147 0.15709 0.0071658 0.98756 -0.21562 0.0007105 1.9723
55 0.98778 -0.0023099 -0.15584 0.0012995 0.99998 -0.0065853 0.15585 0.0063023 0.98776 -0.22171 0.0004876 2.01
56 0.98783 -0.0035583 -0.15548 0.002867 0.99999 -0.0046703 0.15549 0.0041677 0.98783 -0.22769 0.0004636 2.0482
57 0.98815 -0.001262 -0.15347 0.0010231 1 -0.0016357 0.15347 0.0014593 0.98815 -0.23452 0.0001393 2.0867
58 0.98826 -0.0019828 -0.15276 0.0016093 1 -0.0025686 0.15277 0.0022926 0.98826 -0.24123 0.0002276 2.1287
59 0.98839 0.0003652 -0.15196 -0.0013116 0.99998 -0.0061277 0.15196 0.0062559 0.98837 -0.24712 0.0001397 2.1674
60 0.98845 0.0016584 -0.15154 -0.0033728 0.99993 -0.011057 0.15151 0.01144 0.98839 -0.25334 0.0001956 2.2052
61 0.98864 0.008345 -0.15006 -0.010569 0.99985 -0.01403 0.14992 0.015457 0.98858 -0.26037 -0.0005618 2.244
62 0.98881 0.009878 -0.14885 -0.011718 0.99987 -0.011486 0.14872 0.013101 0.98879 -0.2663 -0.0005412 2.2831
63 0.98898 0.010138 -0.14772 -0.010331 0.99995 -0.0005363 0.14771 0.0020564 0.98903 -0.27283 -0.0007926 2.3229
64 0.98896 0.0032803 -0.14814 -0.0025713 0.99998 0.0049771 0.14815 -0.0045413 0.98895 -0.27826 -0.0008063 2.3627
65 0.98866 -0.0087859 -0.14994 0.0092098 0.99996 0.0021329 0.14991 -0.0034896 0.98869 -0.28427 -0.0006705 2.4035
66 0.98849 -0.015664 -0.15047 0.015125 0.99987 -0.0047258 0.15052 0.0023956 0.9886 -0.29032 -0.0009206 2.4423
67 0.9884 -0.018478 -0.15076 0.017332 0.99981 -0.0089125 0.15089 0.0061962 0.98853 -0.29594 -0.0006031 2.4802
68 0.98841 -0.016598 -0.1509 0.015527 0.99985 -0.0082737 0.15102 0.0058348 0.98851 -0.30222 -0.0008626 2.5191
69 0.98833 -0.01526 -0.15154 0.01465 0.99988 -0.0051428 0.1516 0.0028627 0.98844 -0.30818 -0.0011501 2.5586
70 0.98819 -0.012464 -0.15271 0.012105 0.99992 -0.0032809 0.15274 0.0013936 0.98826 -0.31417 -0.0013328 2.5966
71 0.98812 -0.010053 -0.15336 0.0099434 0.99995 -0.0014837 0.15336 -5.88e-05 0.98817 -0.32041 -0.0012681 2.6342
72 0.98802 -0.010727 -0.15394 0.010675 0.99994 -0.0011644 0.15394 -0.0004928 0.98808 -0.32678 -0.0014134 2.6737
73 0.98793 -0.014446 -0.15423 0.014076 0.99989 -0.0034933 0.15426 0.0012803 0.98803 -0.333 -0.0014267 2.7124
74 0.98761 -0.019822 -0.15567 0.019475 0.9998 -0.0037541 0.15572 0.0006758 0.9878 -0.3392 -0.0013625 2.7507
75 0.98731 -0.024697 -0.15689 0.024566 0.99969 -0.0027758 0.15691 -0.0011135 0.98761 -0.34514 -0.0014292 2.7897
76 0.98718 -0.026992 -0.15733 0.026822 0.99964 -0.0032079 0.15736 -0.001053 0.98754 -0.35146 -0.0016953 2.8286
77 0.98722 -0.02642 -0.15717 0.026225 0.99965 -0.0033121 0.1572 -0.0008519 0.98757 -0.35808 -0.0015061 2.8689
78 0.98717 -0.025727 -0.15759 0.025555 0.99967 -0.0031176 0.15761 -0.0009495 0.9875 -0.36451 -0.001537 2.9078
79 0.98695 -0.028316 -0.1585 0.027435 0.99959 -0.0077433 0.15866 0.0032937 0.98733 -0.37061 -0.0017477 2.9472
80 0.98678 -0.033662 -0.15855 0.031614 0.99938 -0.015427 0.15897 0.010211 0.98723 -0.37715 -0.0019452 2.9862
81 0.98663 -0.035553 -0.15904 0.033627 0.99933 -0.014788 0.15946 0.0092421 0.98716 -0.38361 -0.0023604 3.025
82 0.98645 -0.035239 -0.16022 0.033784 0.99936 -0.011801 0.16053 0.0062279 0.98701 -0.38999 -0.0026281 3.0646
83 0.98642 -0.033739 -0.16071 0.032294 0.99941 -0.0116 0.16101 0.0062527 0.98693 -0.39653 -0.0027786 3.1038
84 0.98648 -0.029367 -0.16125 0.028213 0.99956 -0.0094434 0.16145 0.0047665 0.98687 -0.4031 -0.0028557 3.1437
85 0.98647 -0.027048 -0.16171 0.026437 0.99963 -0.0059317 0.16181 0.0015763 0.98682 -0.4097 -0.0027804 3.1837
86 0.98642 -0.026679 -0.16208 0.026472 0.99964 -0.0034376 0.16211 -0.0008996 0.98677 -0.41645 -0.0029955 3.2236
87 0.98638 -0.027842 -0.16211 0.027536 0.99961 -0.0041326 0.16217 -0.0003878 0.98676 -0.42316 -0.0028772 3.2638
88 0.98637 -0.029317 -0.16194 0.028647 0.99957 -0.0064685 0.16206 0.0017412 0.98678 -0.42985 -0.0028111 3.3036
89 0.98629 -0.030883 -0.16211 0.030222 0.99952 -0.0065394 0.16224 0.0015503 0.98675 -0.43656 -0.0031758 3.3431
90 0.98637 -0.030947 -0.16162 0.030432 0.99952 -0.0056659 0.16172 0.0006703 0.98684 -0.44363 -0.0035381 3.3829
91 0.98647 -0.03179 -0.16082 0.031303 0.99949 -0.0055615 0.16091 0.0004522 0.98697 -0.45055 -0.0035928 3.4255
92 0.9865 -0.034021 -0.16016 0.033688 0.99942 -0.0047938 0.16023 -0.0006664 0.98708 -0.45722 -0.0034808 3.4658
93 0.98642 -0.036743 -0.16008 0.036767 0.99932 -0.0028131 0.16007 -0.0031106 0.9871 -0.46436 -0.0038046 3.5086
94 0.98636 -0.040113 -0.15966 0.040209 0.99919 -0.0026314 0.15964 -0.0038244 0.98717 -0.47103 -0.0038305 3.5489
95 0.98644 -0.042663 -0.15849 0.04257 0.99909 -0.0039837 0.15852 -0.0028172 0.98735 -0.47778 -0.0039564 3.5893
96 0.98632 -0.046144 -0.15828 0.045867 0.99893 -0.0054039 0.15836 -0.0019299 0.98738 -0.48402 -0.0039356 3.6308
97 0.98654 -0.047849 -0.15634 0.047385 0.99885 -0.0066956 0.15648 -0.0008027 0.98768 -0.4918 -0.003726 3.672
98 0.98638 -0.050986 -0.15636 0.050776 0.9987 -0.0053428 0.15643 -0.0026692 0.98769 -0.4983 -0.0041323 3.7117
99 0.98651 -0.052451 -0.1551 0.05246 0.99862 -0.0040385 0.1551 -0.0041526 0.98789 -0.5048 -0.0037883 3.7524
100 0.98647 -0.055132 -0.15439 0.055347 0.99846 -0.0029067 0.15432 -0.0056778 0.98801 -0.51135 -0.0039109 3.7932
101 0.98648 -0.057411 -0.15352 0.057523 0.99834 -0.0037129 0.15348 -0.0051683 0.98814 -0.51774 -0.0040561 3.8342
102 0.98656 -0.05837 -0.15259 0.058081 0.99829 -0.00636 0.1527 -0.0025878 0.98827 -0.52479 -0.0042923 3.8761
103 0.98633 -0.05893 -0.15391 0.058357 0.99826 -0.0082443 0.15413 -0.0008503 0.98805 -0.53145 -0.0041261 3.9204
104 0.9862 -0.057518 -0.15527 0.057095 0.99834 -0.0071867 0.15542 -0.0017775 0.98785 -0.53813 -0.0045208 3.9629
105 0.98612 -0.056849 -0.156 0.056683 0.99838 -0.0055168 0.15606 -0.0034025 0.98774 -0.5446 -0.0046323 4.0048
106 0.9862 -0.054487 -0.15636 0.054481 0.99851 -0.0043251 0.15636 -0.0042533 0.98769 -0.55211 -0.0047603 4.0457
107 0.986 -0.053462 -0.15796 0.05344 0.99856 -0.0043922 0.15797 -0.0041108 0.98744 -0.55852 -0.0047494 4.0877
108 0.98573 -0.051381 -0.16032 0.051279 0.99867 -0.0047794 0.16035 -0.0035098 0.98705 -0.56555 -0.0045241 4.1325
109 0.98554 -0.049836 -0.16197 0.049828 0.99875 -0.0041147 0.16197 -0.0040154 0.98679 -0.5725 -0.0051544 4.174
110 0.98538 -0.049009 -0.16314 0.049021 0.99879 -0.0039556 0.16314 -0.0040997 0.98659 -0.57954 -0.0050472 4.2152
111 0.98521 -0.049338 -0.16411 0.049475 0.99877 -0.0032553 0.16407 -0.0049123 0.98644 -0.58677 -0.0052472 4.2569
112 0.98497 -0.051093 -0.16497 0.051272 0.99868 -0.003176 0.16491 -0.0053299 0.98629 -0.59424 -0.0053652 4.2986
113 0.98476 -0.050765 -0.16633 0.050778 0.9987 -0.004181 0.16633 -0.0043285 0.98606 -0.60133 -0.0056526 4.3396
114 0.98469 -0.050226 -0.16693 0.049824 0.99874 -0.0065983 0.16705 -0.0018196 0.98595 -0.6084 -0.0054907 4.3812
115 0.98479 -0.047375 -0.16717 0.046912 0.99888 -0.0067192 0.1673 -0.0012255 0.9859 -0.61567 -0.0056718 4.4222
116 0.98472 -0.045772 -0.16803 0.045894 0.99894 -0.0031599 0.168 -0.0045999 0.98578 -0.6224 -0.0060113 4.462
117 0.9844 -0.048271 -0.16921 0.048873 0.9988 -0.0006054 0.16904 -0.0076738 0.98558 -0.62965 -0.0059117 4.5029
118 0.98401 -0.053364 -0.16991 0.05406 0.99854 -0.0005298 0.16969 -0.0086639 0.98546 -0.63705 -0.0063993 4.5445
119 0.98378 -0.055886 -0.17046 0.05611 0.99842 -0.0035085 0.17039 -0.0061132 0.98536 -0.64465 -0.006472 4.5868
120 0.98408 -0.04955 -0.17066 0.048764 0.99877 -0.0087977 0.17089 0.0003356 0.98529 -0.65265 -0.0067986 4.6276
121 0.98429 -0.046518 -0.1703 0.045609 0.99892 -0.0092481 0.17054 0.0013358 0.98535 -0.65976 -0.0068826 4.6686
122 0.98444 -0.040448 -0.17102 0.040855 0.99916 -0.0011386 0.17092 -0.0058662 0.98527 -0.66697 -0.007723 4.7097
123 0.98419 -0.041113 -0.1723 0.042016 0.99912 0.0015945 0.17208 -0.0088085 0.98504 -0.67336 -0.0072075 4.7489
124 0.9837 -0.047891 -0.17334 0.049041 0.99879 0.0023536 0.17302 -0.010816 0.98486 -0.6799 -0.0075445 4.7901
125 0.98296 -0.055397 -0.17529 0.056642 0.99839 0.0021042 0.17489 -0.011997 0.98452 -0.68622 -0.0073986 4.8291
126 0.98277 -0.058336 -0.17541 0.058966 0.99826 -0.001627 0.1752 -0.0087441 0.98449 -0.69371 -0.0072305 4.8701
127 0.98268 -0.059854 -0.17536 0.059948 0.99819 -0.0047675 0.17532 -0.0058273 0.98449 -0.70076 -0.0074293 4.91
128 0.98288 -0.057691 -0.17498 0.057232 0.99833 -0.0076679 0.17513 -0.0024777 0.98454 -0.70829 -0.007353 4.9513
129 0.98292 -0.057227 -0.1749 0.056773 0.99836 -0.007599 0.17505 -0.0024605 0.98456 -0.71503 -0.0075912 4.9906
130 0.98299 -0.056034 -0.1749 0.055932 0.99842 -0.0055171 0.17493 -0.0043593 0.98457 -0.7224 -0.0077926 5.0311
131 0.98288 -0.058598 -0.1747 0.058947 0.99826 -0.00319 0.17458 -0.0071625 0.98462 -0.72911 -0.00784 5.071
132 0.98296 -0.059683 -0.17387 0.060286 0.99818 -0.0018115 0.17366 -0.0087011 0.98477 -0.73634 -0.0080238 5.11
133 0.98288 -0.061257 -0.17377 0.061554 0.9981 -0.0036848 0.17367 -0.0070745 0.98478 -0.7434 -0.0081327 5.1498
134 0.98277 -0.063786 -0.17348 0.063772 0.99795 -0.0056635 0.17349 -0.0054974 0.98482 -0.75063 -0.008284 5.1906
135 0.98271 -0.063684 -0.17386 0.063194 0.99797 -0.0083576 0.17404 -0.0027737 0.98474 -0.75736 -0.0084405 5.2307
136 0.98299 -0.061425 -0.17311 0.060356 0.99811 -0.011439 0.17349 0.0007959 0.98484 -0.76471 -0.0086622 5.271
137 0.98332 -0.057087 -0.17267 0.056052 0.99837 -0.010871 0.17301 0.0010113 0.98492 -0.77219 -0.0092983 5.3098
138 0.98344 -0.052844 -0.17338 0.052113 0.9986 -0.0087681 0.17361 -0.0004127 0.98482 -0.77916 -0.009282 5.3498
139 0.9834 -0.050023 -0.17441 0.049778 0.99874 -0.005783 0.17448 -0.002995 0.98466 -0.78612 -0.0097535 5.3892
140 0.98332 -0.048502 -0.17529 0.048806 0.99881 -0.0025822 0.17521 -0.0060163 0.98451 -0.79334 -0.0098443 5.4279
141 0.98304 -0.050737 -0.17622 0.051513 0.99867 -0.0001706 0.176 -0.0089102 0.98435 -0.80014 -0.010013 5.4668
142 0.98248 -0.054508 -0.17824 0.055296 0.99847 -0.0005478 0.178 -0.0093179 0.98399 -0.80685 -0.0099941 5.5049
143 0.98191 -0.059657 -0.17968 0.060077 0.99819 -0.0031065 0.17954 -0.0077444 0.98372 -0.81365 -0.0099 5.5438
144 0.98163 -0.061711 -0.18056 0.061842 0.99807 -0.0049092 0.18052 -0.0063472 0.98355 -0.82071 -0.010104 5.5824
145 0.98137 -0.060871 -0.18221 0.060825 0.99813 -0.0058461 0.18223 -0.0053459 0.98324 -0.8277 -0.010098 5.6218
146 0.98139 -0.058695 -0.18282 0.058549 0.99827 -0.0062044 0.18287 -0.0046152 0.98313 -0.83511 -0.010477 5.6602
147 0.9815 -0.056337 -0.18299 0.056151 0.9984 -0.0062011 0.18305 -0.0041889 0.98309 -0.84269 -0.010534 5.6986
148 0.98166 -0.054265 -0.18277 0.054033 0.99852 -0.006255 0.18284 -0.0037356 0.98313 -0.8503 -0.011014 5.7373
149 0.98172 -0.05332 -0.18273 0.05312 0.99857 -0.0059946 0.18279 -0.0038216 0.98314 -0.85777 -0.011095 5.7761
150 0.98187 -0.050821 -0.18262 0.050398 0.9987 -0.0069594 0.18273 -0.0023703 0.98316 -0.86511 -0.011487 5.8142
151 0.98216 -0.046121 -0.1823 0.044979 0.99893 -0.010395 0.18259 0.0020101 0.98319 -0.87269 -0.011798 5.8521
152 0.98213 -0.048593 -0.1818 0.047959 0.99882 -0.0078805 0.18197 -0.0009792 0.9833 -0.87981 -0.012037 5.8912
153 0.98219 -0.048179 -0.18162 0.048629 0.99881 -0.0019762 0.1815 -0.006891 0.98337 -0.88761 -0.011937 5.9305
154 0.98178 -0.05389 -0.18224 0.054538 0.99851 -0.0014609 0.18205 -0.0085046 0.98325 -0.89437 -0.012218 5.9686
155 0.98146 -0.059658 -0.18215 0.059874 0.9982 -0.0043205 0.18208 -0.0066655 0.98326 -0.90155 -0.012597 6.0066
156 0.98122 -0.062056 -0.18262 0.061932 0.99806 -0.0063881 0.18266 -0.0050418 0.98316 -0.908 -0.012514 6.045
157 0.98148 -0.060618 -0.18174 0.060409 0.99815 -0.0066874 0.18181 -0.004415 0.98332 -0.91554 -0.012939 6.0836
158 0.98167 -0.058745 -0.18133 0.05866 0.99826 -0.0058353 0.18136 -0.0049087 0.9834 -0.92349 -0.013336 6.1221
159 0.9817 -0.058245 -0.18129 0.058381 0.99828 -0.0045905 0.18125 -0.0060775 0.98342 -0.93003 -0.013531 6.1597
160 0.98163 -0.059604 -0.18123 0.059959 0.99819 -0.0035231 0.18111 -0.0074078 0.98343 -0.93692 -0.013695 6.1978
161 0.98153 -0.060904 -0.18136 0.061067 0.99812 -0.0046909 0.18131 -0.0064708 0.98341 -0.94348 -0.013661 6.2355
162 0.98156 -0.061975 -0.18082 0.06183 0.99807 -0.0064427 0.18087 -0.0048561 0.9835 -0.95044 -0.013748 6.2733
163 0.98181 -0.061643 -0.17956 0.061531 0.99809 -0.006198 0.1796 -0.0049631 0.98373 -0.9578 -0.01426 6.3103
164 0.98201 -0.060865 -0.17876 0.060861 0.99813 -0.0055138 0.17876 -0.0054647 0.98388 -0.96423 -0.014224 6.3478
165 0.98233 -0.061419 -0.17682 0.061433 0.9981 -0.0054041 0.17681 -0.0055539 0.98423 -0.97119 -0.014667 6.3855
166 0.98246 -0.062537 -0.17567 0.062149 0.99804 -0.0077187 0.17581 -0.0033346 0.98442 -0.9776 -0.014553 6.4229
167 0.98288 -0.062885 -0.17316 0.062334 0.99802 -0.0086189 0.17336 -0.0023222 0.98486 -0.985 -0.015022 6.4604
168 0.98322 -0.063529 -0.17103 0.063088 0.99798 -0.0080201 0.17119 -0.0029041 0.98523 -0.9915 -0.015129 6.4981
169 0.98364 -0.063032 -0.16877 0.062949 0.998 -0.0058495 0.1688 -0.0048703 0.98564 -0.99792 -0.015553 6.536
170 0.98379 -0.064998 -0.16712 0.064898 0.99787 -0.0060677 0.16716 -0.0048767 0.98592 -1.0039 -0.015452 6.5733
171 0.98402 -0.067111 -0.1649 0.066931 0.99774 -0.0066548 0.16498 -0.0044887 0.98629 -1.0111 -0.015708 6.6114
172 0.98411 -0.068038 -0.16403 0.067585 0.99768 -0.0083467 0.16421 -0.0028717 0.98642 -1.0171 -0.015581 6.6491
173 0.98421 -0.068989 -0.163 0.068524 0.99761 -0.0084794 0.1632 -0.0028241 0.98659 -1.0233 -0.015939 6.6873
174 0.98443 -0.067472 -0.16234 0.067132 0.99772 -0.0075872 0.16248 -0.0034291 0.98671 -1.0292 -0.016163 6.7259
175 0.98485 -0.065294 -0.16063 0.065063 0.99786 -0.0066984 0.16072 -0.0038539 0.98699 -1.0357 -0.016401 6.7647
176 0.98527 -0.063268 -0.15886 0.063172 0.99799 -0.005662 0.1589 -0.004457 0.98728 -1.0426 -0.016488 6.8039
177 0.98577 -0.060294 -0.15695 0.060372 0.99817 -0.004275 0.15692 -0.0052609 0.9876 -1.0487 -0.016623 6.8409
178 0.98613 -0.058236 -0.15543 0.058414 0.99829 -0.0034257 0.15537 -0.0057013 0.98784 -1.0543 -0.016467 6.8782
179 0.98649 -0.056752 -0.15367 0.057165 0.99836 -0.0017282 0.15352 -0.00708 0.98812 -1.0604 -0.016753 6.9164
180 0.98699 -0.054705 -0.15121 0.055141 0.99848 -0.00131 0.15105 -0.0070448 0.9885 -1.0671 -0.016707 6.9543
181 0.98717 -0.054613 -0.15004 0.054934 0.99849 -0.0020079 0.14993 -0.0062602 0.98868 -1.0727 -0.016741 6.9925
182 0.9874 -0.054705 -0.14847 0.054993 0.99848 -0.0021709 0.14836 -0.0060211 0.98891 -1.0788 -0.016768 7.0312
183 0.9876 -0.054089 -0.14741 0.05456 0.99851 -0.0008531 0.14724 -0.0072002 0.98908 -1.0843 -0.016569 7.0696
184 0.98779 -0.054039 -0.14614 0.05491 0.99849 0.0019288 0.14582 -0.0099299 0.98926 -1.0899 -0.016637 7.1076
185 0.98798 -0.053549 -0.145 0.054731 0.99849 0.0041715 0.14456 -0.012057 0.98942 -1.0955 -0.016592 7.1455
186 0.98834 -0.05137 -0.14334 0.052689 0.9986 0.0054139 0.14286 -0.012903 0.98966 -1.1013 -0.016709 7.1833
187 0.98873 -0.048439 -0.14168 0.049598 0.99876 0.0046547 0.14128 -0.011629 0.9899 -1.1072 -0.016521 7.2204
188 0.98906 -0.046467 -0.14002 0.04754 0.99886 0.0043237 0.13966 -0.010933 0.99014 -1.1128 -0.016492 7.2582
189 0.98925 -0.046173 -0.13879 0.047221 0.99888 0.0042642 0.13844 -0.010772 0.99031 -1.1181 -0.016549 7.2957
190 0.98932 -0.046868 -0.13802 0.047793 0.99885 0.0033938 0.1377 -0.0099538 0.99042 -1.1233 -0.016366 7.3335
191 0.98948 -0.047122 -0.13678 0.047932 0.99885 0.0026309 0.1365 -0.0091593 0.9906 -1.1285 -0.016422 7.3702
192 0.98964 -0.046734 -0.13573 0.047305 0.99888 0.0009843 0.13553 -0.0073949 0.99075 -1.1336 -0.0163 7.4072
193 0.98987 -0.046458 -0.13413 0.0467 0.99891 -0.0013435 0.13405 -0.0049341 0.99096 -1.1389 -0.016234 7.4435
194 0.99012 -0.044693 -0.13294 0.044741 0.999 -0.0026267 0.13293 -0.0033472 0.99112 -1.144 -0.016453 7.4802
195 0.99041 -0.043364 -0.13115 0.04344 0.99905 -0.0022789 0.13112 -0.0034402 0.99136 -1.1496 -0.016743 7.5164
196 0.99053 -0.044205 -0.13001 0.044267 0.99902 -0.0024127 0.12999 -0.0033654 0.99151 -1.1543 -0.016681 7.5527
197 0.99057 -0.045741 -0.12913 0.045745 0.99895 -0.0029332 0.12913 -0.0030018 0.99162 -1.1591 -0.016629 7.5898
198 0.9908 -0.045114 -0.1276 0.045069 0.99898 -0.0032425 0.12761 -0.002538 0.99182 -1.1639 -0.016729 7.6261
199 0.99094 -0.04441 -0.12673 0.044439 0.99901 -0.0026018 0.12672 -0.0030534 0.99193 -1.1683 -0.016746 7.6635
200 0.99111 -0.043561 -0.12572 0.043667 0.99904 -0.0019095 0.12568 -0.0035974 0.99206 -1.1729 -0.016877 7.6999
201 0.99134 -0.042408 -0.1243 0.042645 0.99909 -0.0007554 0.12422 -0.0045519 0.99224 -1.1776 -0.016698 7.7361
202 0.99159 -0.040244 -0.12301 0.040218 0.99919 -0.0026969 0.12302 -0.002273 0.9924 -1.1824 -0.016686 7.772
203 0.99186 -0.040327 -0.1208 0.040259 0.99918 -0.0030043 0.12082 -0.0018835 0.99267 -1.1869 -0.016713 7.8081
204 0.99213 -0.038879 -0.119 0.038637 0.99924 -0.0043457 0.11908 -0.0002863 0.99288 -1.1913 -0.016773 7.8443
205 0.99241 -0.039335 -0.11649 0.039018 0.99923 -0.0049924 0.11659 0.0004093 0.99318 -1.1971 -0.016872 7.8885
206 0.9925 -0.041795 -0.11483 0.041361 0.99913 -0.0061562 0.11499 0.0013603 0.99337 -1.2014 -0.016843 7.9251
207 0.99259 -0.043841 -0.11334 0.043408 0.99904 -0.006283 0.1135 0.0013167 0.99354 -1.2053 -0.016936 7.9621
208 0.99275 -0.045114 -0.11142 0.044724 0.99898 -0.005998 0.11158 0.0009714 0.99376 -1.2094 -0.017091 7.9994
209 0.99298 -0.046239 -0.10885 0.045863 0.99893 -0.0059601 0.10901 0.0009259 0.99404 -1.2134 -0.017177 8.035
210 0.99316 -0.047468 -0.10672 0.047062 0.99887 -0.0063237 0.1069 0.0012579 0.99427 -1.2169 -0.017267 8.0712
211 0.99353 -0.047089 -0.10334 0.046553 0.99889 -0.0075864 0.10359 0.0027263 0.99462 -1.2214 -0.017438 8.1103
212 0.994 -0.045922 -0.0993 0.045472 0.99894 -0.0067985 0.099508 0.0022423 0.99503 -1.2255 -0.017388 8.1478
213 0.99441 -0.045123 -0.095411 0.0447 0.99898 -0.0065608 0.09561 0.0022592 0.99542 -1.2293 -0.017471 8.1851
214 0.99475 -0.045348 -0.091789 0.044946 0.99897 -0.0064502 0.091987 0.0022908 0.99576 -1.2329 -0.017775 8.2222
215 0.99514 -0.043543 -0.088355 0.043031 0.99904 -0.0076949 0.088606 0.0038555 0.99606 -1.2362 -0.018066 8.2614
216 0.99547 -0.043342 -0.084675 0.042866 0.99905 -0.0074319 0.084917 0.0037685 0.99638 -1.2394 -0.01836 8.2988
217 0.99585 -0.041911 -0.080726 0.04154 0.99912 -0.0062727 0.080917 0.0028934 0.99672 -1.2433 -0.018781 8.3366
218 0.99607 -0.042255 -0.077807 0.041891 0.9991 -0.0062923 0.078003 0.0030082 0.99695 -1.246 -0.018643 8.3735
219 0.99635 -0.041396 -0.074669 0.041057 0.99914 -0.0060604 0.074856 0.0029725 0.99719 -1.2487 -0.019249 8.4105
220 0.99651 -0.042188 -0.071966 0.041801 0.9991 -0.006884 0.072192 0.0038518 0.99738 -1.2516 -0.019374 8.4482
221 0.99663 -0.042907 -0.069867 0.042521 0.99907 -0.006991 0.070102 0.0039966 0.99753 -1.2543 -0.019483 8.4844
222 0.99674 -0.044454 -0.067324 0.044068 0.999 -0.0072018 0.067577 0.0042114 0.99771 -1.2568 -0.019259 8.5211
223 0.99691 -0.044493 -0.064795 0.044113 0.999 -0.0072791 0.065054 0.0043982 0.99787 -1.2595 -0.019619 8.558
224 0.99705 -0.044306 -0.062625 0.04388 0.999 -0.0081584 0.062924 0.0053864 0.998 -1.2622 -0.019796 8.5954
225 0.99718 -0.04465 -0.060291 0.044196 0.99898 -0.0088515 0.060625 0.0061619 0.99814 -1.2652 -0.019685 8.6324
226 0.99735 -0.044207 -0.057859 0.043793 0.99901 -0.0084094 0.058173 0.0058532 0.99829 -1.2673 -0.019985 8.6691
227 0.9975 -0.044917 -0.054471 0.04455 0.99898 -0.0079284 0.054771 0.0054819 0.99848 -1.2695 -0.01988 8.7051
228 0.99772 -0.044438 -0.050864 0.044085 0.999 -0.0080254 0.051169 0.0057648 0.99867 -1.2717 -0.02003 8.7426
229 0.99789 -0.04411 -0.047598 0.043689 0.999 -0.0098406 0.047984 0.0077403 0.99882 -1.2731 -0.020385 8.7788
230 0.99804 -0.044754 -0.043692 0.044342 0.99896 -0.010365 0.04411 0.008407 0.99899 -1.2754 -0.020452 8.8163
231 0.99824 -0.04361 -0.040122 0.043244 0.99901 -0.0099461 0.040516 0.0081937 0.99915 -1.2771 -0.020887 8.854
232 0.99841 -0.043563 -0.035657 0.043253 0.99902 -0.0094279 0.036033 0.0078707 0.99932 -1.2793 -0.021249 8.892
233 0.99864 -0.040915 -0.032416 0.040639 0.99913 -0.0091277 0.032761 0.0077979 0.99943 -1.2803 -0.02167 8.9287
234 0.99878 -0.040013 -0.028829 0.039806 0.99918 -0.00771 0.029114 0.006553 0.99955 -1.2817 -0.022075 8.9663
235 0.99884 -0.040651 -0.025856 0.040478 0.99915 -0.0072021 0.026127 0.0061471 0.99964 -1.2824 -0.021975 9.0036
236 0.99894 -0.040076 -0.022444 0.039916 0.99917 -0.0075269 0.022727 0.0066231 0.99972 -1.2835 -0.022064 9.0413
237 0.999 -0.040227 -0.019364 0.040091 0.99917 -0.0073728 0.019644 0.0065891 0.99979 -1.2839 -0.022342 9.0781
238 0.99912 -0.038638 -0.016456 0.038524 0.99923 -0.0072315 0.016723 0.0065912 0.99984 -1.2846 -0.022615 9.1161
239 0.99915 -0.038916 -0.013251 0.038831 0.99922 -0.0066072 0.013498 0.006087 0.99989 -1.2859 -0.022569 9.1543
240 0.99923 -0.037771 -0.010337 0.037714 0.99927 -0.0055951 0.010541 0.005201 0.99993 -1.2861 -0.023003 9.1918
241 0.99932 -0.036188 -0.0073816 0.036151 0.99933 -0.0051106 0.0075617 0.0048403 0.99996 -1.2867 -0.023367 9.2301
242 0.99935 -0.035903 -0.0044032 0.035877 0.99934 -0.0057922 0.0046082 0.0056304 0.99997 -1.2872 -0.023294 9.269
243 0.99935 -0.036015 -0.0011931 0.036006 0.99933 -0.0068572 0.0014393 0.0068098 0.99998 -1.2871 -0.023201 9.3058
244 0.99934 -0.036196 0.0015224 0.036205 0.99932 -0.0063644 -0.001291 0.0064154 0.99998 -1.2871 -0.023399 9.3444
245 0.9993 -0.037223 0.0039189 0.037242 0.9993 -0.0047457 -0.0037395 0.0048884 0.99998 -1.2861 -0.023484 9.3808
246 0.99924 -0.03827 0.0071408 0.038301 0.99926 -0.0042796 -0.0069717 0.0045498 0.99997 -1.286 -0.023576 9.4192
247 0.99917 -0.039397 0.010199 0.03945 0.99921 -0.0050606 -0.0099917 0.0054587 0.99994 -1.2861 -0.023455 9.4561
248 0.99912 -0.039565 0.013714 0.039637 0.9992 -0.0050589 -0.013503 0.005598 0.99989 -1.2862 -0.023577 9.4949
249 0.99901 -0.041004 0.01699 0.041092 0.99914 -0.0048882 -0.016775 0.0055816 0.99984 -1.2859 -0.02383 9.5316
250 0.99896 -0.041037 0.019835 0.041154 0.99914 -0.005562 -0.01959 0.0063725 0.99979 -1.2849 -0.023695 9.5699
251 0.99883 -0.042653 0.022744 0.042798 0.99907 -0.0059293 -0.02247 0.0068958 0.99972 -1.2841 -0.023915 9.6074
252 0.99871 -0.043686 0.025976 0.043856 0.99902 -0.0060159 -0.025688 0.0071474 0.99964 -1.2834 -0.023965 9.6456
253 0.99858 -0.04467 0.028885 0.044861 0.99898 -0.0059816 -0.028588 0.0072689 0.99956 -1.2824 -0.024041 9.683
254 0.99849 -0.044953 0.0316 0.045199 0.99895 -0.007109 -0.031247 0.0085265 0.99948 -1.2814 -0.024066 9.7221
255 0.99835 -0.045738 0.034653 0.046064 0.9989 -0.0086808 -0.034217 0.010263 0.99936 -1.2806 -0.024099 9.7579
256 0.99827 -0.045661 0.036983 0.046032 0.9989 -0.0092387 -0.036521 0.010925 0.99927 -1.279 -0.024341 9.796
257 0.99817 -0.04511 0.040176 0.045512 0.99892 -0.0091546 -0.03972 0.010966 0.99915 -1.2781 -0.024583 9.8343
258 0.99806 -0.04522 0.042843 0.045614 0.99892 -0.0082572 -0.042424 0.010195 0.99905 -1.2767 -0.024957 9.8731
259 0.99803 -0.0448 0.043954 0.045221 0.99894 -0.0086284 -0.043521 0.010599 0.999 -1.2746 -0.024841 9.9228
260 0.99795 -0.045076 0.045365 0.045524 0.99892 -0.0088914 -0.044915 0.010938 0.99893 -1.2707 -0.024796 9.9592
261 0.99786 -0.043748 0.0486 0.04423 0.99898 -0.008896 -0.048161 0.011027 0.99878 -1.2702 -0.025161 9.9992
262 0.99773 -0.043479 0.051506 0.04398 0.999 -0.0086296 -0.051079 0.010875 0.99864 -1.2683 -0.025166 10.038
263 0.99764 -0.042731 0.053658 0.043185 0.99904 -0.0073307 -0.053293 0.0096307 0.99853 -1.2668 -0.025617 10.076
264 0.99746 -0.043003 0.056775 0.043508 0.99902 -0.0076824 -0.056389 0.010133 0.99836 -1.265 -0.025916 10.115
265 0.9973 -0.042902 0.059676 0.043486 0.99902 -0.0085266 -0.059251 0.011099 0.99818 -1.2642 -0.026051 10.151
266 0.99713 -0.04321 0.062175 0.043817 0.999 -0.0084334 -0.061749 0.011133 0.99803 -1.2615 -0.026229 10.189
267 0.99695 -0.044099 0.064436 0.044703 0.99897 -0.0079637 -0.064019 0.01082 0.99789 -1.2596 -0.026448 10.228
268 0.99679 -0.043485 0.067159 0.044113 0.999 -0.0078953 -0.066748 0.010833 0.99771 -1.2578 -0.026466 10.267
269 0.99663 -0.043882 0.06932 0.044533 0.99898 -0.007865 -0.068904 0.010925 0.99756 -1.2544 -0.026862 10.305
270 0.99651 -0.043785 0.071091 0.044485 0.99898 -0.0083029 -0.070655 0.011437 0.99744 -1.252 -0.026726 10.351
271 0.99637 -0.043187 0.07338 0.043893 0.999 -0.0080359 -0.07296 0.011227 0.99727 -1.2492 -0.026953 10.39
272 0.99614 -0.043933 0.075934 0.04467 0.99897 -0.008033 -0.075502 0.011394 0.99708 -1.2467 -0.027122 10.427
273 0.99596 -0.043624 0.078487 0.044379 0.99898 -0.0078936 -0.078063 0.011345 0.99688 -1.2438 -0.027474 10.466
274 0.9958 -0.04298 0.080831 0.043781 0.99901 -0.0081688 -0.0804 0.011673 0.99669 -1.2411 -0.02744 10.506
275 0.99558 -0.043946 0.082947 0.044751 0.99897 -0.0078741 -0.082515 0.011551 0.99652 -1.2379 -0.027822 10.545
276 0.99539 -0.04361 0.085377 0.044339 0.99899 -0.0066721 -0.085 0.010427 0.99633 -1.2344 -0.028021 10.583
277 0.99513 -0.044854 0.087815 0.045461 0.99895 -0.0049174 -0.087503 0.0088855 0.99612 -1.2315 -0.0283 10.622
278 0.99489 -0.045768 0.090003 0.046308 0.99892 -0.0039219 -0.089726 0.0080696 0.99593 -1.2282 -0.028281 10.66
279 0.9946 -0.046358 0.092807 0.047002 0.99888 -0.004761 -0.092483 0.0090974 0.99567 -1.225 -0.028226 10.708
280 0.9944 -0.046929 0.094681 0.047579 0.99886 -0.00462 -0.094356 0.009099 0.9955 -1.2209 -0.028822 10.747
281 0.99405 -0.047389 0.098051 0.048105 0.99883 -0.0049435 -0.097702 0.0096308 0.99517 -1.2182 -0.028427 10.784
282 0.99378 -0.047625 0.10066 0.048393 0.99881 -0.0052034 -0.10029 0.010042 0.99491 -1.2145 -0.028779 10.822
283 0.9935 -0.048106 0.10314 0.048958 0.99878 -0.0057477 -0.10274 0.01076 0.99465 -1.2109 -0.029095 10.859
284 0.99322 -0.047945 0.10591 0.048858 0.99879 -0.006041 -0.10549 0.011175 0.99436 -1.2073 -0.029053 10.897
285 0.99296 -0.048273 0.10816 0.049182 0.99877 -0.0057482 -0.10775 0.011027 0.99412 -1.2033 -0.029625 10.936
286 0.99266 -0.049147 0.11054 0.050037 0.99873 -0.0052976 -0.11014 0.01079 0.99386 -1.1995 -0.029951 10.974
287 0.99237 -0.049584 0.11291 0.050378 0.99872 -0.0041937 -0.11256 0.0098498 0.9936 -1.1947 -0.030486 11.013
288 0.99202 -0.050313 0.11561 0.051223 0.99868 -0.0049106 -0.11521 0.010793 0.99328 -1.1909 -0.030397 11.051
289 0.99171 -0.050265 0.11823 0.051139 0.99868 -0.004368 -0.11785 0.010378 0.99298 -1.1871 -0.030812 11.088
290 0.99137 -0.050438 0.12098 0.051316 0.99867 -0.0041572 -0.12061 0.01033 0.99265 -1.1823 -0.030864 11.126
291 0.99096 -0.048699 0.12498 0.049635 0.99876 -0.0043872 -0.12461 0.010551 0.99215 -1.178 -0.030881 11.162
292 0.99051 -0.047498 0.12898 0.048502 0.99881 -0.0046519 -0.1286 0.010863 0.99164 -1.1735 -0.031124 11.2
293 0.99005 -0.046214 0.13293 0.047246 0.99887 -0.0046197 -0.13256 0.010854 0.99111 -1.1682 -0.031019 11.237
294 0.9896 -0.044881 0.13669 0.045863 0.99894 -0.004045 -0.13636 0.010272 0.99061 -1.163 -0.031198 11.274
