1 0 0 0 0 0 0 0 0 0 0 0 0
2 0 0 0 0 0 0 0 0 0 7.2333e-06 0.00026753 0.02311
3 0 0 0 0 0 0 0 0 0 1.4467e-05 0.00053507 0.046219
4 0.99998 0.0029236 -0.0059935 -0.0029486 0.99999 -0.0041663 0.0059813 0.0041838 0.99997 2.17e-05 0.0008026 0.069329
5 0.99996 0.0048603 -0.0075957 -0.0048979 0.99998 -0.0049374 0.0075716 0.0049744 0.99996 -0.0001821 0.0008137 0.092011
6 0.99995 0.0057273 -0.0080689 -0.0057721 0.99997 -0.00553 0.008037 0.0055763 0.99995 -0.0008529 0.0004041 0.11561
7 0.99996 0.004272 -0.0083582 -0.0043218 0.99997 -0.0059461 0.0083326 0.0059819 0.99995 -0.0012766 0.0004753 0.13749
8 0.99995 0.0037455 -0.009215 -0.0038109 0.99997 -0.0070896 0.0091882 0.0071244 0.99993 -0.0013852 -4.1e-06 0.1599
9 0.99995 0.0026439 -0.0099583 -0.0026981 0.99998 -0.0054339 0.0099437 0.0054605 0.99994 -0.0016829 -0.000318 0.1823
10 0.99994 0.0023734 -0.010575 -0.0024125 0.99999 -0.0036856 0.010567 0.0037109 0.99994 -0.0019618 -0.0002795 0.20466
11 0.99994 0.002777 -0.010717 -0.002794 0.99999 -0.0015765 0.010712 0.0016063 0.99994 -0.0023821 -0.0003519 0.22693
12 0.99993 0.0033114 -0.011691 -0.0033277 0.99999 -0.0013797 0.011686 0.0014185 0.99993 -0.0027455 -0.0002615 0.24936
13 0.99989 0.0025886 -0.014562 -0.0026168 0.99999 -0.0019135 0.014557 0.0019514 0.99989 -0.0032021 -0.0003594 0.271
14 0.99983 0.0012019 -0.018222 -0.001257 0.99999 -0.0030166 0.018218 0.003039 0.99983 -0.0035752 -0.0002934 0.29246
15 0.99978 -0.0019862 -0.021087 0.0019007 0.99999 -0.0040723 0.021095 0.0040313 0.99977 -0.0042849 -0.0003789 0.31396
16 0.9997 -0.0028521 -0.024494 0.0027011 0.99998 -0.0061987 0.024511 0.0061306 0.99968 -0.0046696 -0.0004992 0.33545
17 0.99963 -0.0045642 -0.026943 0.0044022 0.99997 -0.0060668 0.02697 0.0059459 0.99962 -0.0052655 -0.0004574 0.35698
18 0.99957 -0.0047395 -0.028857 0.004621 0.99998 -0.0041718 0.028876 0.0040367 0.99957 -0.0058929 -0.0006709 0.37804
19 0.99953 -0.0058344 -0.030001 0.0057329 0.99998 -0.0034691 0.030021 0.0032955 0.99954 -0.0067728 -0.0006072 0.39945
20 0.99949 -0.0062796 -0.03126 0.0061712 0.99997 -0.0035638 0.031281 0.0033691 0.9995 -0.0075612 -0.0005991 0.42041
21 0.99945 -0.0065754 -0.032542 0.0064355 0.99997 -0.0044019 0.03257 0.0041901 0.99946 -0.0082548 -0.0006391 0.44166
22 0.99943 -0.0060631 -0.033237 0.0058907 0.99997 -0.0052818 0.033268 0.005083 0.99943 -0.0092398 -0.0007628 0.46199
23 0.99939 -0.0073394 -0.034164 0.0071132 0.99995 -0.0067395 0.034212 0.0064924 0.99939 -0.010079 -0.0008275 0.48261
24 0.99935 -0.0065896 -0.035382 0.0063233 0.99995 -0.0076321 0.03543 0.0074035 0.99934 -0.010768 -0.0007852 0.5036
25 0.99936 -0.004327 -0.035452 0.0041353 0.99998 -0.00548 0.035475 0.0053299 0.99936 -0.01177 -0.0009905 0.52342
26 0.99937 -0.0032228 -0.035245 0.0030741 0.99999 -0.0042725 0.035258 0.0041614 0.99937 -0.012828 -0.0009266 0.54474
27 0.99937 -0.0018855 -0.035527 0.0017433 0.99999 -0.0040341 0.035534 0.0039696 0.99936 -0.013576 -0.0012049 0.56547
28 0.99938 -0.0020766 -0.035169 0.0018833 0.99998 -0.0055277 0.03518 0.005458 0.99937 -0.014528 -0.0012756 0.58594
29 0.99939 -0.0030832 -0.034806 0.002831 0.99997 -0.0072915 0.034827 0.0071885 0.99937 -0.015326 -0.0014295 0.60634
30 0.99941 -0.0045161 -0.034117 0.0042498 0.99996 -0.0078762 0.034151 0.0077265 0.99939 -0.016007 -0.0015132 0.6267
31 0.99944 -0.0060704 -0.032789 0.0058525 0.99996 -0.0067349 0.032829 0.0065392 0.99944 -0.016751 -0.0017609 0.6475
32 0.99949 -0.0066773 -0.031101 0.0064918 0.99996 -0.0060638 0.031141 0.0058588 0.9995 -0.017405 -0.001651 0.66858
33 0.99956 -0.0071733 -0.028748 0.0070236 0.99996 -0.0053054 0.028785 0.0051011 0.99957 -0.017952 -0.0019109 0.68885
34 0.99965 -0.0065652 -0.025783 0.0064347 0.99997 -0.0051398 0.025816 0.0049721 0.99965 -0.018564 -0.0020656 0.70919
35 0.99972 -0.0080077 -0.022346 0.0078992 0.99996 -0.0049399 0.022384 0.004762 0.99974 -0.019187 -0.0021587 0.72936
36 0.99977 -0.0092415 -0.019213 0.0091586 0.99995 -0.004401 0.019252 0.004224 0.99981 -0.01971 -0.0022027 0.74939
37 0.99982 -0.010596 -0.015837 0.010533 0.99994 -0.0040341 0.015878 0.0038666 0.99987 -0.020084 -0.0023257 0.76909
38 0.99985 -0.012213 -0.012233 0.012164 0.99992 -0.0040888 0.012282 0.0039394 0.99992 -0.020356 -0.0023755 0.78895
39 0.99989 -0.01215 -0.0081336 0.012118 0.99992 -0.0039683 0.0081812 0.0038693 0.99996 -0.020662 -0.0023844 0.80875
40 0.99991 -0.012657 -0.0038787 0.012642 0.99991 -0.003821 0.0039267 0.0037717 0.99999 -0.020863 -0.0024047 0.82914
41 0.99994 -0.010594 5.89e-05 0.010594 0.99994 -0.0039648 -1.69e-05 0.0039652 0.99999 -0.021115 -0.0025727 0.84884
42 0.99994 -0.010244 0.0041267 0.010266 0.99993 -0.0051153 -0.004074 0.0051574 0.99998 -0.021006 -0.0025838 0.86877
43 0.99992 -0.0098953 0.0075558 0.0099436 0.99993 -0.0063817 -0.0074921 0.0064564 0.99995 -0.020943 -0.002595 0.88909
44 0.99988 -0.011168 0.010751 0.01124 0.99991 -0.0066847 -0.010675 0.0068048 0.99992 -0.020672 -0.002746 0.90856
45 0.99983 -0.012306 0.013777 0.012398 0.9999 -0.0066218 -0.013694 0.0067915 0.99988 -0.020471 -0.0027456 0.92786
46 0.9998 -0.01267 0.015768 0.012773 0.9999 -0.0063983 -0.015685 0.0065984 0.99986 -0.020152 -0.0028023 0.94758
47 0.99976 -0.013653 0.017118 0.01377 0.99988 -0.0067093 -0.017024 0.0069434 0.99983 -0.01988 -0.0029478 0.96713
48 0.99974 -0.013537 0.018438 0.013685 0.99987 -0.0079437 -0.018329 0.008194 0.9998 -0.019533 -0.0029899 0.98654
49 0.99978 -0.0091472 0.018895 0.0093356 0.99991 -0.0099095 -0.018803 0.010084 0.99977 -0.019259 -0.0030774 1.0064
50 0.99978 -0.0087026 0.019105 0.0088514 0.99993 -0.007714 -0.019036 0.0078814 0.99979 -0.019087 -0.0032203 1.0266
51 0.9998 -0.0078522 0.018295 0.0079395 0.99996 -0.0047012 -0.018257 0.0048455 0.99982 -0.018922 -0.0032584 1.0468
52 0.99979 -0.010733 0.017378 0.010765 0.99994 -0.0017735 -0.017358 0.0019602 0.99985 -0.018399 -0.003378 1.0669
53 0.99978 -0.013325 0.016458 0.013338 0.99991 -0.0006925 -0.016447 0.0009119 0.99986 -0.018228 -0.0033476 1.0876
54 0.99977 -0.014896 0.015534 0.014914 0.99989 -0.0010265 -0.015517 0.001258 0.99988 -0.018022 -0.0033855 1.1081
55 0.99976 -0.016427 0.014175 0.01647 0.99986 -0.0028992 -0.014125 0.003132 0.9999 -0.017586 -0.0034095 1.1271
56 0.9998 -0.014557 0.013689 0.014632 0.99988 -0.005402 -0.013609 0.0056012 0.99989 -0.017679 -0.0034324 1.1474
57 0.99985 -0.012333 0.012213 0.012426 0.99989 -0.0075662 -0.012119 0.0077168 0.9999 -0.017583 -0.0034222 1.1671
58 0.99986 -0.012913 0.010323 0.012993 0.99989 -0.0077467 -0.010222 0.0078798 0.99992 -0.017524 -0.0035834 1.1873
59 0.9999 -0.012335 0.0070359 0.012383 0.9999 -0.0067537 -0.0069519 0.0068402 0.99995 -0.017444 -0.0038064 1.2071
60 0.99992 -0.011988 0.0030935 0.012006 0.99991 -0.0060944 -0.0030202 0.006131 0.99998 -0.017331 -0.0038817 1.2273
61 0.99995 -0.0095384 -0.0014148 0.0095293 0.99993 -0.0063148 0.001475 0.006301 0.99998 -0.017405 -0.0040668 1.2473
62 0.99996 -0.0077771 -0.0046621 0.0077435 0.99994 -0.0071824 0.0047177 0.007146 0.99996 -0.01813 -0.0041791 1.2675
63 0.99996 -0.0052037 -0.007107 0.0051558 0.99996 -0.0067458 0.0071418 0.0067089 0.99995 -0.01852 -0.0042854 1.2878
64 0.99996 -0.0043912 -0.0082945 0.0043326 0.99997 -0.0070783 0.0083253 0.0070421 0.99994 -0.018894 -0.0041889 1.3083
65 0.99994 -0.0037252 -0.0098721 0.0036548 0.99997 -0.0071411 0.0098984 0.0071047 0.99993 -0.019181 -0.0042355 1.3289
66 0.99992 -0.0069514 -0.011025 0.0068525 0.99994 -0.0089799 0.011086 0.0089036 0.9999 -0.019558 -0.0042646 1.3496
67 0.99988 -0.0081438 -0.013268 0.0079673 0.99988 -0.013305 0.013375 0.013197 0.99982 -0.019889 -0.0045034 1.3697
68 0.99983 -0.010351 -0.015173 0.010113 0.99983 -0.015639 0.015333 0.015483 0.99976 -0.020316 -0.0045371 1.3904
69 0.99979 -0.010687 -0.017503 0.01049 0.99988 -0.011307 0.017621 0.011121 0.99978 -0.02056 -0.0047911 1.4115
70 0.99975 -0.010449 -0.019533 0.010354 0.99993 -0.004981 0.019584 0.0047776 0.9998 -0.021005 -0.0049076 1.4324
71 0.99973 -0.0088742 -0.02141 0.008849 0.99996 -0.0012738 0.021421 0.001084 0.99977 -0.021718 -0.0049806 1.4533
72 0.9997 -0.0077331 -0.023448 0.0076955 0.99997 -0.0016944 0.023461 0.0015134 0.99972 -0.022242 -0.0049659 1.4741
73 0.99965 -0.0067352 -0.025609 0.0066075 0.99997 -0.0050689 0.025642 0.0048979 0.99966 -0.023222 -0.0048485 1.495
74 0.99956 -0.0052053 -0.029095 0.0050054 0.99996 -0.0069418 0.02913 0.0067931 0.99955 -0.023981 -0.0050114 1.5161
75 0.99945 -0.0049375 -0.032851 0.004668 0.99995 -0.008274 0.03289 0.0081161 0.99943 -0.024698 -0.0049587 1.5378
76 0.99932 -0.0031881 -0.036723 0.0029076 0.99997 -0.0076891 0.036746 0.0075771 0.9993 -0.025566 -0.0049675 1.5591
77 0.99917 -0.0020629 -0.040771 0.001761 0.99997 -0.0074391 0.040785 0.0073611 0.99914 -0.026571 -0.005013 1.5804
78 0.99895 -0.0008272 -0.045808 0.000513 0.99998 -0.0068713 0.045813 0.0068406 0.99893 -0.027457 -0.0053499 1.6018
79 0.99871 -7.36e-05 -0.050821 -0.0003521 0.99996 -0.0083668 0.05082 0.0083738 0.99867 -0.028489 -0.005242 1.6231
80 0.99846 0.0019018 -0.055508 -0.002322 0.99997 -0.0075055 0.055492 0.0076228 0.99843 -0.029773 -0.0053537 1.6446
81 0.99823 0.002858 -0.05947 -0.0032785 0.99997 -0.0069738 0.059448 0.0071564 0.99821 -0.031216 -0.0054416 1.6661
82 0.99799 0.0036665 -0.063323 -0.0040389 0.99998 -0.005755 0.0633 0.0059992 0.99798 -0.033005 -0.0055879 1.6877
83 0.99765 0.0037105 -0.068394 -0.0041661 0.99997 -0.0065202 0.068368 0.0067898 0.99764 -0.034519 -0.0056627 1.7095
84 0.99726 0.0044967 -0.073884 -0.0050788 0.99996 -0.0076921 0.073846 0.0080463 0.99724 -0.036005 -0.0057506 1.7315
85 0.997 0.0054277 -0.077185 -0.0059954 0.99996 -0.0071264 0.077143 0.0075678 0.99699 -0.037966 -0.0058897 1.7526
86 0.99673 0.0083589 -0.08037 -0.0088495 0.99994 -0.0057506 0.080317 0.006443 0.99675 -0.039906 -0.0059304 1.7742
87 0.99648 0.0074032 -0.083544 -0.007771 0.99996 -0.0040776 0.08351 0.0047124 0.9965 -0.041665 -0.0060463 1.7962
88 0.99622 0.0083257 -0.086499 -0.0085968 0.99996 -0.0027622 0.086473 0.0034953 0.99625 -0.043646 -0.0060782 1.8177
89 0.99602 0.0086991 -0.088658 -0.0089536 0.99996 -0.0024735 0.088633 0.0032575 0.99606 -0.045625 -0.0061028 1.8389
90 0.99584 0.0093248 -0.090605 -0.0096148 0.99995 -0.002765 0.090574 0.0036247 0.99588 -0.047832 -0.0060785 1.8604
91 0.99566 0.008961 -0.092629 -0.0092908 0.99995 -0.0031295 0.092597 0.0039765 0.9957 -0.050015 -0.0059834 1.8817
92 0.99544 0.0091646 -0.094948 -0.0095211 0.99995 -0.0033016 0.094913 0.0041906 0.99548 -0.052207 -0.0060894 1.903
93 0.9952 0.0090977 -0.097416 -0.009617 0.99994 -0.0048633 0.097366 0.0057769 0.99523 -0.054288 -0.0061369 1.9242
94 0.99504 0.0088337 -0.099048 -0.0094342 0.99994 -0.0055963 0.098993 0.006503 0.99507 -0.056726 -0.0061856 1.9457
95 0.99485 0.010871 -0.10078 -0.011486 0.99992 -0.0055221 0.10071 0.0066512 0.99489 -0.058907 -0.0063207 1.9672
96 0.99469 0.010928 -0.10234 -0.011458 0.99992 -0.0046008 0.10228 0.005749 0.99474 -0.061202 -0.0062383 1.9886
97 0.99446 0.012673 -0.10433 -0.013075 0.99991 -0.0031726 0.10428 0.0045191 0.99454 -0.063589 -0.0062744 2.0104
98 0.99439 0.012445 -0.10506 -0.012586 0.99992 -0.0006795 0.10505 0.0019981 0.99447 -0.065976 -0.0062893 2.032
99 0.99422 0.014295 -0.10641 -0.014586 0.99989 -0.0019597 0.10637 0.0035005 0.99432 -0.068356 -0.0061861 2.0532
100 0.99412 0.015558 -0.10718 -0.016431 0.99984 -0.0072666 0.10705 0.008985 0.99421 -0.070854 -0.0060371 2.0747
101 0.99399 0.016303 -0.10826 -0.017544 0.99979 -0.010525 0.10807 0.012361 0.99407 -0.073367 -0.0061721 2.0965
102 0.99391 0.015908 -0.10904 -0.017197 0.99979 -0.010895 0.10884 0.012704 0.99398 -0.075806 -0.0063092 2.1182
103 0.99391 0.014364 -0.10925 -0.015791 0.9998 -0.012216 0.10905 0.013867 0.99394 -0.078487 -0.0063725 2.1398
104 0.99384 0.0093178 -0.11043 -0.010822 0.99986 -0.013027 0.11029 0.014142 0.9938 -0.080691 -0.0066125 2.1616
105 0.99372 0.0061249 -0.11172 -0.0076306 0.99989 -0.013055 0.11163 0.013825 0.99365 -0.083026 -0.0067695 2.1837
106 0.99365 0.0025602 -0.11249 -0.0037205 0.99994 -0.010106 0.11246 0.010461 0.9936 -0.085441 -0.007102 2.2055
107 0.99359 0.0037594 -0.11295 -0.004826 0.99995 -0.0091714 0.11291 0.0096578 0.99356 -0.088057 -0.0071259 2.2274
108 0.99351 0.0034501 -0.1137 -0.0045409 0.99995 -0.0093361 0.11366 0.0097918 0.99347 -0.09049 -0.0071723 2.2496
109 0.9934 0.0043334 -0.1146 -0.0054058 0.99994 -0.0090491 0.11455 0.0096089 0.99337 -0.09328 -0.007386 2.2724
110 0.99335 0.0043012 -0.11502 -0.0053878 0.99994 -0.0091376 0.11498 0.0096966 0.99332 -0.09599 -0.0073932 2.2952
111 0.99323 0.004886 -0.11602 -0.0059851 0.99994 -0.0091271 0.11597 0.0097597 0.9932 -0.098872 -0.0074843 2.3188
112 0.99317 0.0035803 -0.11665 -0.0047247 0.99994 -0.0095353 0.11661 0.010021 0.99313 -0.10173 -0.0075664 2.3417
113 0.99299 0.0032494 -0.11817 -0.0045903 0.99993 -0.011077 0.11812 0.011542 0.99293 -0.10432 -0.0076508 2.3649
114 0.99286 0.0029314 -0.11928 -0.0045172 0.99991 -0.013026 0.11923 0.013472 0.99277 -0.10712 -0.0079252 2.3879
115 0.99279 0.003418 -0.11979 -0.005268 0.99987 -0.015131 0.11972 0.015653 0.99268 -0.11017 -0.0079219 2.4112
116 0.99256 0.004259 -0.12167 -0.006136 0.99987 -0.015057 0.12159 0.015691 0.99246 -0.11298 -0.0081043 2.435
117 0.99237 0.0041724 -0.12321 -0.0056319 0.99992 -0.0115 0.12315 0.012106 0.99231 -0.11568 -0.0084234 2.4592
118 0.99231 0.003924 -0.12375 -0.0049712 0.99995 -0.0081546 0.12371 0.008707 0.99228 -0.11899 -0.0085233 2.4828
119 0.99216 0.0039705 -0.12495 -0.0051163 0.99995 -0.0088504 0.12491 0.0094203 0.99212 -0.12204 -0.0084802 2.5068
120 0.99203 0.000252 -0.12603 -0.0016308 0.99994 -0.010838 0.12602 0.010957 0.99197 -0.12528 -0.0085452 2.5307
121 0.99182 -0.0017652 -0.12767 0.0002149 0.99993 -0.012157 0.12768 0.01203 0.99174 -0.12836 -0.0087106 2.5552
122 0.99163 -0.0032462 -0.12906 0.0014347 0.9999 -0.014127 0.12909 0.013823 0.99154 -0.13139 -0.0086559 2.5798
123 0.99149 -0.0011938 -0.13019 -0.0005474 0.99991 -0.013338 0.13019 0.013296 0.9914 -0.13474 -0.0087895 2.6042
124 0.99155 -0.0006001 -0.12976 -0.0009292 0.99993 -0.011725 0.12976 0.011746 0.99148 -0.13833 -0.0088163 2.6282
125 0.99139 0.0014781 -0.13095 -0.0030039 0.99993 -0.011455 0.13092 0.01175 0.99132 -0.14145 -0.0089947 2.6525
126 0.99138 0.0004884 -0.13099 -0.0021231 0.99992 -0.01234 0.13098 0.012512 0.99131 -0.1449 -0.0090633 2.6771
127 0.99125 -0.0011528 -0.13197 -0.0004405 0.99993 -0.012043 0.13197 0.011996 0.99118 -0.14809 -0.0093755 2.7015
128 0.99112 -0.0034782 -0.13295 0.0022369 0.99995 -0.0094855 0.13297 0.0091039 0.99108 -0.15119 -0.0094743 2.7264
129 0.99097 -0.0022371 -0.13406 0.0011865 0.99997 -0.007916 0.13407 0.0076855 0.99094 -0.15485 -0.0095734 2.7515
130 0.99083 -0.0009925 -0.13513 2.87e-05 0.99997 -0.0071338 0.13514 0.0070645 0.9908 -0.15826 -0.0096891 2.7758
131 0.99063 -4.92e-05 -0.13654 -0.0009557 0.99997 -0.0072945 0.13654 0.0073566 0.99061 -0.16197 -0.0097228 2.8013
132 0.99038 0.0002218 -0.13841 -0.0012513 0.99997 -0.0073511 0.1384 0.0074536 0.99035 -0.16543 -0.0099577 2.8266
133 0.99022 -0.0007811 -0.13954 -0.0001819 0.99998 -0.0068887 0.13954 0.0068467 0.99019 -0.16901 -0.010143 2.8504
134 0.99 -0.0020501 -0.14106 0.0011194 0.99998 -0.0066774 0.14107 0.0064527 0.98998 -0.17251 -0.010251 2.8752
135 0.98979 -0.0027495 -0.1425 0.0018994 0.99998 -0.006102 0.14251 0.005769 0.98978 -0.17617 -0.010344 2.8996
136 0.98955 -0.0038012 -0.14416 0.0031713 0.99998 -0.004599 0.14417 0.0040938 0.98954 -0.17984 -0.010394 2.9241
137 0.9893 -0.0046227 -0.14585 0.004411 0.99999 -0.0017751 0.14586 0.0011128 0.98931 -0.18345 -0.010336 2.9487
138 0.98914 -0.0039588 -0.14693 0.0043512 0.99999 0.0023496 0.14692 -0.0029634 0.98914 -0.18709 -0.01036 2.9731
139 0.98904 -0.0027769 -0.14764 0.0032355 0.99999 0.0028665 0.14763 -0.0033128 0.98904 -0.19089 -0.010448 2.9975
140 0.98907 -0.0014004 -0.14742 0.0007866 0.99999 -0.0042221 0.14742 0.00406 0.98906 -0.19482 -0.010247 3.0212
141 0.98898 0.0002169 -0.14803 -0.0020189 0.99993 -0.012023 0.14802 0.01219 0.98891 -0.19851 -0.01028 3.0458
142 0.98896 0.0011568 -0.14815 -0.0032738 0.9999 -0.014047 0.14812 0.014377 0.98887 -0.20221 -0.010585 3.0696
143 0.98901 -0.0016702 -0.14782 0.0001612 0.99995 -0.01022 0.14783 0.010084 0.98896 -0.20588 -0.01087 3.0931
144 0.98895 -0.004546 -0.14819 0.0032361 0.99995 -0.0090795 0.14822 0.0084996 0.98892 -0.20939 -0.011221 3.117
